comunicacao_interna.py:35 [20 20 20 20 22 49 6d 61 67 65 6e 73 22 3a 20 22 f0 9f 93 81 22 2c 20 22 56 69 64 65 6f 73 22 3a 20 22 f0 9f 8e a5 22 2c 20 22 41 75 64 69 6f 22 3a 20 22 f0 9f 8e b5 22 2c 0d 0a]
comunicacao_interna.py:36 [20 20 20 20 22 50 6c 61 6e 69 6c 68 61 73 22 3a 20 22 f0 9f 93 8a c5 a0 22 2c 20 22 50 72 65 73 65 6e 74 61 c3 a7 c3 b5 65 73 22 3a 20 22 f0 9f 93 8a 22 2c 0d 0a]
comunicacao_interna.py:37 [20 20 20 20 22 41 72 71 75 69 76 6f 73 20 5a 69 70 22 3a 20 22 f0 9f 97 9c 22 2c 20 22 43 6f 64 65 22 3a 20 22 f0 9f 92 bb 22 2c 0d 0a]
comunicacao_interna.py:74 [20 20 20 20 20 20 20 20 73 65 6c 66 2e 69 6d 67 5f 70 61 74 68 20 20 3d 20 6f 73 2e 70 61 74 68 2e 6a 6f 69 6e 28 73 65 6c 66 2e 62 61 73 65 5f 70 61 74 68 2c 20 22 2e 2e 22 2c 20 22 69 6d 61 67 65 6e 73 22 29 0d 0a]
comunicacao_interna.py:97 [20 20 20 20 23 20 20 49 6d 61 67 65 6e 73 0d 0a]
comunicacao_interna.py:106 [20 20 20 20 20 20 20 20 20 20 20 20 6f 73 2e 70 61 74 68 2e 6a 6f 69 6e 28 73 65 6c 66 2e 62 61 73 65 5f 70 61 74 68 2c 20 22 2e 2e 22 2c 20 22 69 6d 61 67 65 6e 73 22 2c 20 6e 61 6d 65 29 2c 0d 0a]
comunicacao_interna.py:161 [20 20 20 20 20 20 20 20 23 20 e2 80 94 e2 80 94 20 43 61 6d 70 6f 20 64 65 20 62 75 73 63 61 20 e2 80 94 e2 80 94 e2 80 94 e2 80 94 e2 80 94 e2 80 94 e2 80 94 e2 80 94 e2 80 94 e2 80 94 e2 80 94 e2 80 94 e2 80 94 e2 80 94 e2 80 94 e2 80 94]
comunicacao_interna.py:162 [20 20 20 20 20 20 20 20 73 65 61 72 63 68 5f 77 72 61 70 20 3d 20 63 74 6b 2e 43 54 6b 46 72 61 6d 65 28 0d 0a]
comunicacao_interna.py:166 [20 20 20 20 20 20 20 20 73 65 61 72 63 68 5f 77 72 61 70 2e 67 72 69 64 28 72 6f 77 3d 31 2c 20 63 6f 6c 75 6d 6e 3d 30 2c 20 73 74 69 63 6b 79 3d 22 65 77 22 2c 20 70 61 64 78 3d 73 70 61 63 69 6e 67 28 22 6d 64 22 29 2c 20 70 61 64 79 3d]
comunicacao_interna.py:169 [20 20 20 20 20 20 20 20 20 20 20 20 73 65 61 72 63 68 5f 77 72 61 70 2c 20 74 65 78 74 3d 22 f0 9f 94 8d 22 2c 0d 0a]
comunicacao_interna.py:174 [20 20 20 20 20 20 20 20 73 65 6c 66 2e 65 6e 74 72 79 5f 62 75 73 63 61 20 3d 20 63 74 6b 2e 43 54 6b 45 6e 74 72 79 28 0d 0a]
comunicacao_interna.py:175 [20 20 20 20 20 20 20 20 20 20 20 20 73 65 61 72 63 68 5f 77 72 61 70 2c 0d 0a]
comunicacao_interna.py:176 [20 20 20 20 20 20 20 20 20 20 20 20 70 6c 61 63 65 68 6f 6c 64 65 72 5f 74 65 78 74 3d 22 42 75 73 63 61 72 20 63 6f 6e 76 65 72 73 61 73 2e 2e 2e 22 2c 0d 0a]
comunicacao_interna.py:184 [20 20 20 20 20 20 20 20 73 65 6c 66 2e 65 6e 74 72 79 5f 62 75 73 63 61 2e 70 61 63 6b 28 73 69 64 65 3d 22 6c 65 66 74 22 2c 20 66 69 6c 6c 3d 22 78 22 2c 20 65 78 70 61 6e 64 3d 54 72 75 65 2c 20 70 61 64 78 3d 28 34 2c 20 38 29 29 0d 0a]
comunicacao_interna.py:185 [20 20 20 20 20 20 20 20 73 65 6c 66 2e 65 6e 74 72 79 5f 62 75 73 63 61 2e 62 69 6e 64 28 22 3c 4b 65 79 52 65 6c 65 61 73 65 3e 22 2c 20 73 65 6c 66 2e 66 69 6c 74 72 61 72 5f 63 6f 6e 74 61 74 6f 73 29 0d 0a]
comunicacao_interna.py:212 [20 20 20 20 20 20 20 20 20 20 20 20 20 20 20 20 20 20 20 20 22 69 64 22 3a 20 4e 6f 6e 65 2c 20 22 6e 61 6d 65 22 3a 20 22 54 6f 64 6f 73 22 2c 20 22 65 6d 61 69 6c 22 3a 20 22 22 2c 0d 0a]
comunicacao_interna.py:309 [20 20 20 20 20 20 20 20 74 65 72 6d 6f 20 3d 20 73 65 6c 66 2e 65 6e 74 72 79 5f 62 75 73 63 61 2e 67 65 74 28 29 2e 6c 6f 77 65 72 28 29 20 69 66 20 68 61 73 61 74 74 72 28 73 65 6c 66 2c 20 22 65 6e 74 72 79 5f 62 75 73 63 61 22 29 20 65]
comunicacao_interna.py:534 [20 20 20 20 20 20 20 20 63 61 74 65 67 6f 72 69 61 73 20 3d 20 5b 0d 0a]
comunicacao_interna.py:536 [20 20 20 20 20 20 20 20 20 20 20 20 28 22 f0 9f 93 81 22 2c 20 22 49 6d 61 67 65 6e 73 22 2c 20 20 20 20 20 20 5b 22 2e 6a 70 67 22 2c 20 22 2e 6a 70 65 67 22 2c 20 22 2e 70 6e 67 22 2c 20 22 2e 67 69 66 22 5d 29 2c 0d 0a]
comunicacao_interna.py:539 [20 20 20 20 20 20 20 20 20 20 20 20 28 22 f0 9f 93 8a c5 a0 22 2c 20 22 50 6c 61 6e 69 6c 68 61 73 22 2c 20 20 20 20 5b 22 2e 78 6c 73 22 2c 20 22 2e 78 6c 73 78 22 2c 20 22 2e 63 73 76 22 5d 29 2c 0d 0a]
comunicacao_interna.py:540 [20 20 20 20 20 20 20 20 20 20 20 20 28 22 f0 9f 93 8a 22 2c 20 22 41 70 72 65 73 65 6e 74 61 c3 a7 c3 b5 65 73 22 2c 5b 22 2e 70 70 74 22 2c 20 22 2e 70 70 74 78 22 5d 29 2c 0d 0a]
comunicacao_interna.py:554 [20 20 20 20 20 20 20 20 66 6f 72 20 69 2c 20 28 69 63 6f 6e 2c 20 6e 6f 6d 65 2c 20 65 78 74 73 29 20 69 6e 20 65 6e 75 6d 65 72 61 74 65 28 63 61 74 65 67 6f 72 69 61 73 29 3a 0d 0a]
comunicacao_interna.py:564 [20 20 20 20 20 20 20 20 20 20 20 20 20 20 20 20 63 6f 6d 6d 61 6e 64 3d 6c 61 6d 62 64 61 20 63 3d 7b 22 6e 6f 6d 65 22 3a 20 6e 6f 6d 65 2c 20 22 65 78 74 65 6e 73 61 6f 22 3a 20 65 78 74 73 7d 3a 20 73 65 6c 66 2e 73 65 6c 65 63 69 6f 6e]
comunicacao_interna.py:761 [20 20 20 20 20 20 20 20 20 20 20 20 28 22 f0 9f 91 81 22 2c 20 6c 61 6d 62 64 61 20 70 3d 6d 73 67 5b 22 63 61 6d 69 6e 68 6f 5f 61 72 71 75 69 76 6f 22 5d 3a 20 73 65 6c 66 2e 76 69 73 75 61 6c 69 7a 61 72 5f 61 72 71 75 69 76 6f 28 70 29]
comunicacao_interna.py:804 [20 20 20 20 64 65 66 20 73 65 6c 65 63 69 6f 6e 61 72 5f 63 61 74 65 67 6f 72 69 61 28 73 65 6c 66 2c 20 63 61 74 65 67 6f 72 69 61 3a 20 64 69 63 74 29 3a 0d 0a]
comunicacao_interna.py:806 [20 20 20 20 20 20 20 20 65 78 74 73 20 3d 20 63 61 74 65 67 6f 72 69 61 2e 67 65 74 28 22 65 78 74 65 6e 73 61 6f 22 2c 20 5b 5d 29 0d 0a]
comunicacao_interna.py:808 [20 20 20 20 20 20 20 20 20 20 20 20 74 69 70 6f 73 20 3d 20 5b 28 66 22 7b 63 61 74 65 67 6f 72 69 61 5b 27 6e 6f 6d 65 27 5d 7d 20 28 2a 7b 65 7d 29 22 2c 20 66 22 2a 7b 65 7d 22 29 20 66 6f 72 20 65 20 69 6e 20 65 78 74 73 5d 0d 0a]
comunicacao_interna.py:809 [20 20 20 20 20 20 20 20 20 20 20 20 74 69 70 6f 73 2e 61 70 70 65 6e 64 28 28 66 22 54 6f 64 6f 73 20 7b 63 61 74 65 67 6f 72 69 61 5b 27 6e 6f 6d 65 27 5d 7d 22 2c 20 22 20 22 2e 6a 6f 69 6e 28 66 22 2a 7b 65 7d 22 20 66 6f 72 20 65 20 69]
comunicacao_interna.py:813 [20 20 20 20 20 20 20 20 20 20 20 20 74 69 74 6c 65 3d 66 22 53 65 6c 65 63 69 6f 6e 61 72 20 7b 63 61 74 65 67 6f 72 69 61 5b 27 6e 6f 6d 65 27 5d 2e 6c 6f 77 65 72 28 29 7d 22 2c 20 66 69 6c 65 74 79 70 65 73 3d 74 69 70 6f 73 0d 0a]
comunicacao_interna.py:816 [20 20 20 20 20 20 20 20 20 20 20 20 73 65 6c 66 2e 65 6e 76 69 61 72 5f 61 72 71 75 69 76 6f 28 61 72 71 2c 20 63 61 74 65 67 6f 72 69 61 5b 22 6e 6f 6d 65 22 5d 29 0d 0a]
comunicacao_interna.py:818 [20 20 20 20 64 65 66 20 65 6e 76 69 61 72 5f 61 72 71 75 69 76 6f 28 73 65 6c 66 2c 20 63 61 6d 69 6e 68 6f 3a 20 73 74 72 2c 20 63 61 74 65 67 6f 72 69 61 3a 20 73 74 72 29 3a 0d 0a]
comunicacao_interna.py:825 [20 20 20 20 20 20 20 20 20 20 20 20 20 20 20 20 20 20 20 20 73 65 6c 66 2e 75 73 75 61 72 69 6f 5f 6c 6f 67 61 64 6f 5f 69 64 2c 20 6e 6f 6d 65 2c 20 63 61 6d 69 6e 68 6f 2c 20 63 61 74 65 67 6f 72 69 61 0d 0a]
comunicacao_interna.py:830 [20 20 20 20 20 20 20 20 20 20 20 20 20 20 20 20 20 20 20 20 6e 6f 6d 65 2c 20 63 61 6d 69 6e 68 6f 2c 20 63 61 74 65 67 6f 72 69 61 0d 0a]
comunicacao_interna.py:838 [20 20 20 20 64 65 66 20 76 69 73 75 61 6c 69 7a 61 72 5f 61 72 71 75 69 76 6f 28 73 65 6c 66 2c 20 63 61 6d 69 6e 68 6f 3a 20 73 74 72 29 3a 0d 0a]
comunicacao_interna.py:843 [20 20 20 20 20 20 20 20 20 20 20 20 70 72 69 6e 74 28 66 22 45 72 72 6f 20 61 6f 20 76 69 73 75 61 6c 69 7a 61 72 3a 20 7b 65 7d 22 29 0d 0a]
bem_estar.py:10 [66 72 6f 6d 20 73 65 72 5f 70 6c 65 6e 6f 2e 70 72 65 73 65 6e 74 61 74 69 6f 6e 2e 63 6f 6d 70 6f 6e 65 6e 74 73 2e 75 69 5f 63 6f 6d 70 6f 6e 65 6e 74 73 20 69 6d 70 6f 72 74 20 28 0d 0a]
bem_estar.py:30 [23 20 43 6f 6e 66 69 67 75 72 61 c3 a7 c3 a3 6f 20 64 61 73 20 63 6f 6c 75 6e 61 73 20 64 65 20 72 69 73 63 6f 0d 0a]
bem_estar.py:38 [23 20 45 6d 6f 6a 69 73 20 65 20 6c 61 62 65 6c 73 20 70 6f 72 20 6e c3 ad 76 65 6c 20 64 65 20 68 75 6d 6f 72 20 28 31 e2 80 94 e2 80 9c 35 29 20 e2 80 94 e2 80 9d 20 61 67 6f 72 61 20 76 69 61 20 75 74 69 6c 73 2e 6d 6f 6f 64 2e 0d 0a]
bem_estar.py:114 [20 20 20 20 20 20 20 20 73 65 6c 66 2e 63 6f 6c 75 6e 61 73 5f 72 69 73 63 6f 3a 20 64 69 63 74 20 3d 20 7b 7d 0d 0a]
bem_estar.py:119 [20 20 20 20 20 20 20 20 73 65 6c 66 2e 5f 63 72 69 61 72 5f 76 69 73 61 6f 5f 72 69 73 63 6f 28 29 0d 0a]
bem_estar.py:128 [20 20 20 20 20 20 20 20 73 65 6c 66 2e 5f 73 65 74 5f 73 74 61 74 75 73 5f 63 61 72 72 65 67 61 6e 64 6f 28 29 0d 0a]
bem_estar.py:133 [20 20 20 20 20 20 20 20 20 20 20 20 72 69 73 6b 73 20 20 20 20 3d 20 73 65 6c 66 2e 73 65 72 76 69 63 6f 5f 62 65 6d 5f 65 73 74 61 72 2e 6c 69 73 74 61 72 5f 65 73 74 75 64 61 6e 74 65 73 5f 72 69 73 63 6f 28 29 0d 0a]
bem_estar.py:149 [20 20 20 20 20 20 20 20 20 20 20 20 6f 6e 5f 63 6f 6d 70 6c 65 74 65 3d 6c 61 6d 62 64 61 3a 20 4e 6f 6e 65 2c 20 20 23 20 6d 61 6e 74 c3 a9 6d 20 73 74 61 74 75 73 20 63 61 72 72 65 67 61 6e 64 6f 20 61 74 c3 a9 20 73 75 63 65 73 73 6f 2f]
bem_estar.py:156 [20 20 20 20 64 65 66 20 5f 73 65 74 5f 73 74 61 74 75 73 5f 63 61 72 72 65 67 61 6e 64 6f 28 73 65 6c 66 29 3a 0d 0a]
bem_estar.py:158 [20 20 20 20 20 20 20 20 20 20 20 20 73 65 6c 66 2e 5f 6b 70 69 5f 68 75 6d 6f 72 2e 73 65 74 5f 76 61 6c 75 65 28 22 2e 2e 2e 22 29 0d 0a]
bem_estar.py:166 [20 20 20 20 20 20 20 20 20 20 20 20 73 65 6c 66 2e 5f 6b 70 69 5f 68 75 6d 6f 72 2e 73 65 74 5f 76 61 6c 75 65 28 22 e2 80 94 e2 80 9d 22 29 0d 0a]
bem_estar.py:198 [20 20 20 20 20 20 20 20 20 20 20 20 6c 6f 67 67 65 72 2e 77 61 72 6e 69 6e 67 28 22 52 69 73 63 6f 20 72 65 74 6f 72 6e 6f 75 20 65 72 72 6f 3a 20 25 73 22 2c 20 72 69 73 6b 73 5f 72 65 73 29 0d 0a]
bem_estar.py:202 [20 20 20 20 20 20 20 20 68 75 6d 6f 72 20 20 20 3d 20 73 75 6d 6d 61 72 79 2e 67 65 74 28 22 61 76 67 5f 6d 6f 6f 64 22 29 0d 0a]
bem_estar.py:203 [20 20 20 20 20 20 20 20 69 66 20 68 75 6d 6f 72 20 61 6e 64 20 68 61 73 61 74 74 72 28 73 65 6c 66 2c 20 22 5f 6b 70 69 5f 68 75 6d 6f 72 22 29 3a 0d 0a]
bem_estar.py:204 [20 20 20 20 20 20 20 20 20 20 20 20 65 6d 6f 6a 69 20 3d 20 6d 6f 6f 64 5f 65 6d 6f 6a 69 5f 66 72 6f 6d 5f 73 63 6f 72 65 28 72 6f 75 6e 64 28 68 75 6d 6f 72 29 29 0d 0a]
bem_estar.py:205 [20 20 20 20 20 20 20 20 20 20 20 20 73 65 6c 66 2e 5f 6b 70 69 5f 68 75 6d 6f 72 2e 73 65 74 5f 76 61 6c 75 65 28 66 22 7b 65 6d 6f 6a 69 7d 20 20 7b 68 75 6d 6f 72 3a 2e 31 66 7d 22 29 0d 0a]
bem_estar.py:232 [20 20 20 20 20 20 20 20 20 20 20 20 28 22 48 75 6d 6f 72 20 4d c3 a9 64 69 6f 22 2c 20 20 20 20 20 20 20 22 f0 9f 98 80 20 20 e2 80 94 e2 80 9d 22 2c 20 20 22 f0 9f 92 99 22 2c 20 54 48 45 4d 45 5b 22 6b 70 69 5f 62 6c 75 65 22 5d 2c 20 20]
bem_estar.py:266 [20 20 20 20 20 20 20 20 23 20 42 61 72 72 61 73 20 64 65 20 64 69 73 74 72 69 62 75 69 c3 a7 c3 a3 6f 20 64 65 20 68 75 6d 6f 72 0d 0a]
bem_estar.py:274 [20 20 20 20 20 20 20 20 20 20 20 20 28 22 f0 9f 98 80 20 20 42 6f 6d 22 2c 20 20 20 20 20 54 48 45 4d 45 5b 22 73 75 63 63 65 73 73 22 5d 2c 20 22 62 6f 6d 22 2c 20 20 36 35 29 2c 0d 0a]
bem_estar.py:276 [20 20 20 20 20 20 20 20 20 20 20 20 28 22 f0 9f 98 9f 20 20 42 61 69 78 6f 22 2c 20 20 20 54 48 45 4d 45 5b 22 64 61 6e 67 65 72 22 5d 2c 20 20 22 6d 61 75 22 2c 20 20 31 30 29 2c 0d 0a]
bem_estar.py:315 [20 20 20 20 20 20 20 20 70 74 73 20 20 3d 20 28 5b 64 2e 67 65 74 28 22 61 76 67 5f 6d 6f 6f 64 22 29 20 6f 72 20 64 2e 67 65 74 28 22 6d 65 64 69 61 5f 68 75 6d 6f 72 22 2c 20 33 2e 30 29 0d 0a]
bem_estar.py:384 [20 20 20 20 23 20 20 56 49 53 41 4f 20 44 45 20 52 49 53 43 4f 20 28 6b 61 6e 62 61 6e 20 34 20 63 6f 6c 75 6e 61 73 29 0d 0a]
bem_estar.py:386 [20 20 20 20 64 65 66 20 5f 63 72 69 61 72 5f 76 69 73 61 6f 5f 72 69 73 63 6f 28 73 65 6c 66 29 3a 0d 0a]
bem_estar.py:392 [20 20 20 20 20 20 20 20 20 20 20 20 74 69 74 6c 65 5f 72 6f 77 2c 20 74 65 78 74 3d 22 f0 9f 98 80 20 20 56 69 73 c3 a3 6f 20 64 65 20 52 69 73 63 6f 20 64 6f 73 20 45 73 74 75 64 61 6e 74 65 73 22 2c 0d 0a]
bem_estar.py:409 [20 20 20 20 20 20 20 20 73 65 6c 66 2e 63 6f 6c 75 6e 61 73 5f 72 69 73 63 6f 20 3d 20 7b 7d 0d 0a]
bem_estar.py:452 [20 20 20 20 20 20 20 20 20 20 20 20 73 65 6c 66 2e 63 6f 6c 75 6e 61 73 5f 72 69 73 63 6f 5b 6b 65 79 5d 20 3d 20 7b 0d 0a]
bem_estar.py:460 [20 20 20 20 20 20 20 20 66 6f 72 20 63 6f 6c 20 69 6e 20 73 65 6c 66 2e 63 6f 6c 75 6e 61 73 5f 72 69 73 63 6f 2e 76 61 6c 75 65 73 28 29 3a 0d 0a]
bem_estar.py:465 [20 20 20 20 20 20 20 20 63 6f 75 6e 74 73 20 3d 20 7b 6b 3a 20 30 20 66 6f 72 20 6b 20 69 6e 20 73 65 6c 66 2e 63 6f 6c 75 6e 61 73 5f 72 69 73 63 6f 7d 0d 0a]
bem_estar.py:468 [20 20 20 20 20 20 20 20 20 20 20 20 66 6f 72 20 6b 65 79 20 69 6e 20 73 65 6c 66 2e 63 6f 6c 75 6e 61 73 5f 72 69 73 63 6f 3a 0d 0a]
bem_estar.py:470 [20 20 20 20 20 20 20 20 20 20 20 20 20 20 20 20 20 20 20 20 73 65 6c 66 2e 63 6f 6c 75 6e 61 73 5f 72 69 73 63 6f 5b 6b 65 79 5d 5b 22 63 6f 6e 74 65 6e 74 22 5d 2c 20 69 63 6f 6e 3d 22 f0 9f 98 9f 22 2c 0d 0a]
bem_estar.py:477 [20 20 20 20 20 20 20 20 20 20 20 20 69 66 20 6e 69 76 65 6c 20 6e 6f 74 20 69 6e 20 73 65 6c 66 2e 63 6f 6c 75 6e 61 73 5f 72 69 73 63 6f 3a 0d 0a]
bem_estar.py:480 [20 20 20 20 20 20 20 20 20 20 20 20 73 65 6c 66 2e 5f 63 72 69 61 72 5f 63 61 72 64 5f 72 69 73 63 6f 28 0d 0a]
bem_estar.py:481 [20 20 20 20 20 20 20 20 20 20 20 20 20 20 20 20 73 65 6c 66 2e 63 6f 6c 75 6e 61 73 5f 72 69 73 63 6f 5b 6e 69 76 65 6c 5d 5b 22 63 6f 6e 74 65 6e 74 22 5d 2c 20 73 2c 0d 0a]
bem_estar.py:482 [20 20 20 20 20 20 20 20 20 20 20 20 20 20 20 20 73 65 6c 66 2e 63 6f 6c 75 6e 61 73 5f 72 69 73 63 6f 5b 6e 69 76 65 6c 5d 5b 22 63 6f 6c 6f 72 22 5d 2c 0d 0a]
bem_estar.py:483 [20 20 20 20 20 20 20 20 20 20 20 20 20 20 20 20 73 65 6c 66 2e 63 6f 6c 75 6e 61 73 5f 72 69 73 63 6f 5b 6e 69 76 65 6c 5d 5b 22 73 6f 66 74 22 5d 2c 0d 0a]
bem_estar.py:487 [20 20 20 20 20 20 20 20 20 20 20 20 73 65 6c 66 2e 63 6f 6c 75 6e 61 73 5f 72 69 73 63 6f 5b 6b 65 79 5d 5b 22 63 6f 75 6e 74 5f 6c 62 6c 22 5d 2e 63 6f 6e 66 69 67 75 72 65 28 74 65 78 74 3d 73 74 72 28 63 6f 75 6e 74 29 29 0d 0a]
bem_estar.py:490 [20 20 20 20 20 20 20 20 20 20 20 20 20 20 20 20 20 20 20 20 73 65 6c 66 2e 63 6f 6c 75 6e 61 73 5f 72 69 73 63 6f 5b 6b 65 79 5d 5b 22 63 6f 6e 74 65 6e 74 22 5d 2c 20 69 63 6f 6e 3d 22 f0 9f 98 9f 22 2c 0d 0a]
bem_estar.py:494 [20 20 20 20 64 65 66 20 5f 63 72 69 61 72 5f 63 61 72 64 5f 72 69 73 63 6f 28 73 65 6c 66 2c 20 70 61 72 65 6e 74 2c 20 73 74 75 64 65 6e 74 3a 20 64 69 63 74 2c 0d 0a]
bem_estar.py:540 [20 20 20 20 64 65 66 20 63 72 69 61 72 5f 63 61 72 64 5f 65 73 74 75 64 61 6e 74 65 5f 72 69 73 63 6f 28 73 65 6c 66 2c 20 70 61 72 65 6e 74 2c 20 73 74 75 64 65 6e 74 2c 20 63 6f 6c 6f 72 29 3a 0d 0a]
bem_estar.py:545 [20 20 20 20 20 20 20 20 73 65 6c 66 2e 5f 63 72 69 61 72 5f 63 61 72 64 5f 72 69 73 63 6f 28 70 61 72 65 6e 74 2c 20 73 74 75 64 65 6e 74 2c 20 63 6f 6c 6f 72 2c 20 73 6f 66 74 29 0d 0a]
bem_estar.py:647 [20 20 20 20 64 65 66 20 63 72 69 61 72 5f 63 61 72 64 73 5f 68 75 6d 6f 72 28 73 65 6c 66 29 3a 0d 0a]
bem_estar.py:656 [20 20 20 20 64 65 66 20 63 72 69 61 72 5f 76 69 73 61 6f 5f 72 69 73 63 6f 28 73 65 6c 66 29 3a 0d 0a]
estudantes.py:17 [66 72 6f 6d 20 73 65 72 5f 70 6c 65 6e 6f 2e 70 72 65 73 65 6e 74 61 74 69 6f 6e 2e 63 6f 6d 70 6f 6e 65 6e 74 73 2e 75 69 5f 63 6f 6d 70 6f 6e 65 6e 74 73 20 69 6d 70 6f 72 74 20 28 0d 0a]
estudantes.py:159 [20 20 20 20 23 20 20 4c 41 59 4f 55 54 20 50 52 49 4e 43 49 50 41 4c 0d 0a]
estudantes.py:180 [20 20 20 20 20 20 20 20 23 20 e2 80 94 e2 80 94 20 42 75 73 63 61 20 e2 80 94 e2 80 94 e2 80 94 e2 80 94 e2 80 94 e2 80 94 e2 80 94 e2 80 94 e2 80 94 e2 80 94 e2 80 94 e2 80 94 e2 80 94 e2 80 94 e2 80 94 e2 80 94 e2 80 94 e2 80 94 e2 80 94]
estudantes.py:181 [20 20 20 20 20 20 20 20 73 65 61 72 63 68 5f 77 72 61 70 20 3d 20 63 74 6b 2e 43 54 6b 46 72 61 6d 65 28 73 69 64 65 62 61 72 2c 20 66 67 5f 63 6f 6c 6f 72 3d 54 48 45 4d 45 5b 22 62 67 5f 61 6c 74 22 5d 2c 20 63 6f 72 6e 65 72 5f 72 61 64]
estudantes.py:182 [20 20 20 20 20 20 20 20 73 65 61 72 63 68 5f 77 72 61 70 2e 67 72 69 64 28 72 6f 77 3d 30 2c 20 63 6f 6c 75 6d 6e 3d 30 2c 20 73 74 69 63 6b 79 3d 22 65 77 22 2c 20 70 61 64 78 3d 53 50 41 43 49 4e 47 5b 22 63 61 72 64 5f 70 61 64 22 5d 2c]
estudantes.py:184 [20 20 20 20 20 20 20 20 63 74 6b 2e 43 54 6b 4c 61 62 65 6c 28 73 65 61 72 63 68 5f 77 72 61 70 2c 20 74 65 78 74 3d 22 f0 9f 94 8d 22 2c 0d 0a]
estudantes.py:188 [20 20 20 20 20 20 20 20 73 65 6c 66 2e 65 6e 74 72 79 5f 62 75 73 63 61 20 3d 20 63 74 6b 2e 43 54 6b 45 6e 74 72 79 28 0d 0a]
estudantes.py:189 [20 20 20 20 20 20 20 20 20 20 20 20 73 65 61 72 63 68 5f 77 72 61 70 2c 0d 0a]
estudantes.py:190 [20 20 20 20 20 20 20 20 20 20 20 20 70 6c 61 63 65 68 6f 6c 64 65 72 5f 74 65 78 74 3d 22 42 75 73 63 61 72 20 65 73 74 75 64 61 6e 74 65 2e 2e 2e 22 2c 0d 0a]
estudantes.py:197 [20 20 20 20 20 20 20 20 73 65 6c 66 2e 65 6e 74 72 79 5f 62 75 73 63 61 2e 70 61 63 6b 28 73 69 64 65 3d 22 6c 65 66 74 22 2c 20 66 69 6c 6c 3d 22 78 22 2c 20 65 78 70 61 6e 64 3d 54 72 75 65 2c 20 70 61 64 78 3d 28 34 2c 20 38 29 29 0d 0a]
estudantes.py:198 [20 20 20 20 20 20 20 20 73 65 6c 66 2e 65 6e 74 72 79 5f 62 75 73 63 61 2e 62 69 6e 64 28 22 3c 4b 65 79 52 65 6c 65 61 73 65 3e 22 2c 20 73 65 6c 66 2e 5f 66 69 6c 74 72 61 72 29 0d 0a]
estudantes.py:307 [20 20 20 20 20 20 20 20 20 20 20 20 61 63 74 69 6f 6e 73 2c 20 74 65 78 74 3d 22 f0 9f 98 80 e2 80 94 e2 80 98 20 20 45 78 63 6c 75 69 72 22 2c 0d 0a]
estudantes.py:371 [20 20 20 20 20 20 20 20 20 20 20 20 28 22 43 6f 6e 74 61 74 6f 22 2c 20 20 20 20 20 20 20 22 2d 2d 22 2c 20 22 f0 9f 93 8a c2 a7 22 2c 20 30 2c 20 30 2c 20 22 63 61 72 64 5f 65 6d 61 69 6c 22 29 2c 0d 0a]
estudantes.py:372 [20 20 20 20 20 20 20 20 20 20 20 20 28 22 49 64 61 64 65 22 2c 20 20 20 20 20 20 20 20 20 22 2d 2d 22 2c 20 22 f0 9f 8e 82 22 2c 20 30 2c 20 31 2c 20 22 63 61 72 64 5f 69 64 61 64 65 22 29 2c 0d 0a]
estudantes.py:498 [20 20 20 20 20 20 20 20 20 20 20 20 20 20 20 20 73 75 62 74 69 74 6c 65 3d 22 54 65 6e 74 65 20 61 6a 75 73 74 61 72 20 6f 73 20 66 69 6c 74 72 6f 73 20 64 65 20 62 75 73 63 61 22 0d 0a]
estudantes.py:575 [20 20 20 20 20 20 20 20 74 65 72 6d 6f 20 20 3d 20 73 65 6c 66 2e 65 6e 74 72 79 5f 62 75 73 63 61 2e 67 65 74 28 29 2e 6c 6f 77 65 72 28 29 20 69 66 20 68 61 73 61 74 74 72 28 73 65 6c 66 2c 20 22 65 6e 74 72 79 5f 62 75 73 63 61 22 29 20]
estudantes.py:593 [20 20 20 20 20 20 20 20 69 66 20 68 61 73 61 74 74 72 28 73 65 6c 66 2c 20 22 65 6e 74 72 79 5f 62 75 73 63 61 22 29 3a 0d 0a]
estudantes.py:594 [20 20 20 20 20 20 20 20 20 20 20 20 73 65 6c 66 2e 65 6e 74 72 79 5f 62 75 73 63 61 2e 64 65 6c 65 74 65 28 30 2c 20 22 65 6e 64 22 29 0d 0a]
estudantes.py:595 [20 20 20 20 20 20 20 20 20 20 20 20 73 65 6c 66 2e 65 6e 74 72 79 5f 62 75 73 63 61 2e 69 6e 73 65 72 74 28 30 2c 20 74 65 72 6d 6f 29 0d 0a]
estudantes.py:624 [20 20 20 20 20 20 20 20 69 66 20 73 65 6c 66 2e 63 61 72 64 5f 65 6d 61 69 6c 3a 0d 0a]
estudantes.py:625 [20 20 20 20 20 20 20 20 20 20 20 20 73 65 6c 66 2e 63 61 72 64 5f 65 6d 61 69 6c 2e 63 6f 6e 66 69 67 75 72 65 28 74 65 78 74 3d 73 74 2e 67 65 74 28 22 63 6f 6e 74 61 63 74 22 2c 20 22 e2 80 94 e2 80 9d 22 29 29 0d 0a]
estudantes.py:626 [20 20 20 20 20 20 20 20 69 66 20 73 65 6c 66 2e 63 61 72 64 5f 69 64 61 64 65 3a 0d 0a]
estudantes.py:627 [20 20 20 20 20 20 20 20 20 20 20 20 73 65 6c 66 2e 63 61 72 64 5f 69 64 61 64 65 2e 63 6f 6e 66 69 67 75 72 65 28 74 65 78 74 3d 66 22 7b 73 74 2e 67 65 74 28 27 61 67 65 27 2c 20 27 e2 80 94 e2 80 9d 27 29 7d 20 61 6e 6f 73 22 29 0d 0a]
estudantes.py:697 [20 20 20 20 20 20 20 20 65 6e 5f 6e 6f 6d 65 20 3d 20 5f 46 69 65 6c 64 28 62 6f 64 79 2c 20 22 4e 6f 6d 65 20 43 6f 6d 70 6c 65 74 6f 22 2c 20 22 45 78 3a 20 41 6e 61 20 53 69 6c 76 61 22 2c 20 69 63 6f 6e 3d 22 f0 9f 91 81 c2 a4 22 2c 0d]
estudantes.py:698 [20 20 20 20 20 20 20 20 20 20 20 20 20 20 20 20 20 20 20 20 20 20 20 20 20 68 65 6c 70 65 72 3d 22 4e 6f 6d 65 20 63 6f 6d 70 6c 65 74 6f 20 64 6f 20 65 73 74 75 64 61 6e 74 65 22 29 0d 0a]
estudantes.py:701 [20 20 20 20 20 20 20 20 65 6e 5f 65 6d 61 69 6c 20 3d 20 5f 46 69 65 6c 64 28 62 6f 64 79 2c 20 22 45 6d 61 69 6c 20 64 65 20 43 6f 6e 74 61 74 6f 22 2c 20 22 65 6d 61 69 6c 40 65 78 65 6d 70 6c 6f 2e 63 6f 6d 22 2c 20 69 63 6f 6e 3d 22 f0]
estudantes.py:702 [20 20 20 20 20 20 20 20 20 20 20 20 20 20 20 20 20 20 20 20 20 20 20 20 20 20 68 65 6c 70 65 72 3d 22 45 6d 61 69 6c 20 69 6e 73 74 69 74 75 63 69 6f 6e 61 6c 20 6f 75 20 70 65 73 73 6f 61 6c 22 29 0d 0a]
estudantes.py:703 [20 20 20 20 20 20 20 20 65 6e 5f 65 6d 61 69 6c 2e 70 61 63 6b 28 66 69 6c 6c 3d 22 78 22 2c 20 70 61 64 79 3d 28 30 2c 20 31 32 29 29 0d 0a]
estudantes.py:711 [20 20 20 20 20 20 20 20 65 6e 5f 69 64 61 64 65 20 3d 20 5f 46 69 65 6c 64 28 72 6f 77 5f 6d 69 64 2c 20 22 49 64 61 64 65 22 2c 20 22 45 78 3a 20 32 32 22 2c 20 69 63 6f 6e 3d 22 f0 9f 8e 82 22 29 0d 0a]
estudantes.py:712 [20 20 20 20 20 20 20 20 65 6e 5f 69 64 61 64 65 2e 67 72 69 64 28 72 6f 77 3d 30 2c 20 63 6f 6c 75 6d 6e 3d 31 2c 20 73 74 69 63 6b 79 3d 22 65 77 22 2c 20 70 61 64 78 3d 28 38 2c 20 30 29 29 0d 0a]
estudantes.py:751 [20 20 20 20 20 20 20 20 20 20 20 20 20 20 20 20 22 65 6d 61 69 6c 22 3a 20 20 20 20 20 20 20 20 20 20 20 20 20 20 20 65 6e 5f 65 6d 61 69 6c 2e 67 65 74 28 29 2e 73 74 72 69 70 28 29 2c 0d 0a]
estudantes.py:755 [20 20 20 20 20 20 20 20 20 20 20 20 20 20 20 20 22 61 67 65 22 3a 20 20 20 20 20 20 20 20 20 20 20 20 20 20 20 20 20 65 6e 5f 69 64 61 64 65 2e 67 65 74 28 29 2e 73 74 72 69 70 28 29 2c 0d 0a]
quadro_avisos.py:15 [66 72 6f 6d 20 73 65 72 5f 70 6c 65 6e 6f 2e 70 72 65 73 65 6e 74 61 74 69 6f 6e 2e 63 6f 6d 70 6f 6e 65 6e 74 73 2e 75 69 5f 63 6f 6d 70 6f 6e 65 6e 74 73 20 69 6d 70 6f 72 74 20 42 61 73 65 4d 6f 64 61 6c 0d 0a]
quadro_avisos.py:274 [20 20 20 20 20 20 20 20 73 65 6c 66 2e 66 5f 63 61 74 65 67 6f 72 69 61 20 3d 20 46 6f 72 6d 46 69 65 6c 64 28 72 6f 77 31 2c 20 22 f0 9f 93 8c 20 20 43 61 74 65 67 6f 72 69 61 22 2c 0d 0a]
quadro_avisos.py:277 [20 20 20 20 20 20 20 20 73 65 6c 66 2e 66 5f 63 61 74 65 67 6f 72 69 61 2e 67 72 69 64 28 72 6f 77 3d 30 2c 20 63 6f 6c 75 6d 6e 3d 30 2c 20 73 74 69 63 6b 79 3d 22 65 77 22 2c 20 70 61 64 78 3d 28 30 2c 20 36 29 29 0d 0a]
quadro_avisos.py:279 [20 20 20 20 20 20 20 20 73 65 6c 66 2e 66 5f 61 75 74 6f 72 20 3d 20 46 6f 72 6d 46 69 65 6c 64 28 72 6f 77 31 2c 20 22 f0 9f 91 81 c2 a4 20 20 41 75 74 6f 72 22 2c 20 70 6c 61 63 65 68 6f 6c 64 65 72 3d 22 4e 6f 6d 65 20 64 6f 20 61 75 74]
quadro_avisos.py:280 [20 20 20 20 20 20 20 20 73 65 6c 66 2e 66 5f 61 75 74 6f 72 2e 67 72 69 64 28 72 6f 77 3d 30 2c 20 63 6f 6c 75 6d 6e 3d 31 2c 20 73 74 69 63 6b 79 3d 22 65 77 22 2c 20 70 61 64 78 3d 28 36 2c 20 30 29 29 0d 0a]
quadro_avisos.py:299 [20 20 20 20 20 20 20 20 73 65 6c 66 2e 66 5f 68 6f 72 61 72 69 6f 5f 65 76 65 6e 74 6f 20 3d 20 46 6f 72 6d 46 69 65 6c 64 28 72 6f 77 33 2c 20 22 f0 9f 93 8a 20 20 48 6f 72 c3 a1 72 69 6f 20 65 76 65 6e 74 6f 22 2c 0d 0a]
quadro_avisos.py:301 [20 20 20 20 20 20 20 20 73 65 6c 66 2e 66 5f 68 6f 72 61 72 69 6f 5f 65 76 65 6e 74 6f 2e 67 72 69 64 28 72 6f 77 3d 30 2c 20 63 6f 6c 75 6d 6e 3d 31 2c 20 73 74 69 63 6b 79 3d 22 65 77 22 2c 20 70 61 64 78 3d 28 36 2c 20 30 29 29 0d 0a]
quadro_avisos.py:303 [20 20 20 20 20 20 20 20 73 65 6c 66 2e 66 5f 6c 61 79 6f 75 74 20 3d 20 46 6f 72 6d 46 69 65 6c 64 28 73 63 72 6f 6c 6c 2c 20 22 c3 a2 c5 a0 c5 be 20 20 4c 61 79 6f 75 74 22 2c 0d 0a]
quadro_avisos.py:306 [20 20 20 20 20 20 20 20 73 65 6c 66 2e 66 5f 6c 61 79 6f 75 74 2e 70 61 63 6b 28 66 69 6c 6c 3d 22 78 22 2c 20 70 61 64 79 3d 28 30 2c 20 31 30 29 29 0d 0a]
quadro_avisos.py:309 [20 20 20 20 20 20 20 20 63 74 6b 2e 43 54 6b 4c 61 62 65 6c 28 73 63 72 6f 6c 6c 2c 20 74 65 78 74 3d 22 42 6c 6f 63 6f 73 20 64 65 20 63 6f 6e 74 65 c3 ba 64 6f 20 28 70 61 72 61 20 6c 61 79 6f 75 74 73 20 67 72 69 64 2d 2a 29 22 2c 0d 0a]
quadro_avisos.py:391 [20 20 20 20 20 20 20 20 23 20 43 68 69 70 20 64 65 20 63 61 74 65 67 6f 72 69 61 20 28 61 74 75 61 6c 69 7a 61 64 6f 20 64 69 6e 61 6d 69 63 61 6d 65 6e 74 65 29 0d 0a]
quadro_avisos.py:431 [20 20 20 20 20 20 20 20 20 20 20 20 20 20 20 20 20 20 73 65 6c 66 2e 66 5f 63 61 74 65 67 6f 72 69 61 2e 77 69 64 67 65 74 2c 20 73 65 6c 66 2e 66 5f 61 75 74 6f 72 2e 77 69 64 67 65 74 2c 0d 0a]
quadro_avisos.py:433 [20 20 20 20 20 20 20 20 20 20 20 20 20 20 20 20 20 20 73 65 6c 66 2e 66 5f 64 61 74 61 5f 61 67 2e 77 69 64 67 65 74 2c 20 73 65 6c 66 2e 66 5f 68 6f 72 61 72 69 6f 5f 65 76 65 6e 74 6f 2e 77 69 64 67 65 74 2c 0d 0a]
quadro_avisos.py:434 [20 20 20 20 20 20 20 20 20 20 20 20 20 20 20 20 20 20 73 65 6c 66 2e 66 5f 6c 61 79 6f 75 74 2e 77 69 64 67 65 74 5d 3a 0d 0a]
quadro_avisos.py:459 [20 20 20 20 20 20 20 20 73 65 6c 66 2e 66 5f 63 61 74 65 67 6f 72 69 61 2e 77 69 64 67 65 74 2e 73 65 74 28 64 61 74 61 2e 67 65 74 28 22 63 61 74 65 67 6f 72 69 61 22 29 20 6f 72 20 64 61 74 61 2e 67 65 74 28 22 63 61 74 65 67 6f 72 79 22]
quadro_avisos.py:460 [20 20 20 20 20 20 20 20 73 65 6c 66 2e 66 5f 61 75 74 6f 72 2e 64 65 6c 65 74 65 28 30 2c 20 22 65 6e 64 22 29 0d 0a]
quadro_avisos.py:461 [20 20 20 20 20 20 20 20 73 65 6c 66 2e 66 5f 61 75 74 6f 72 2e 69 6e 73 65 72 74 28 30 2c 20 64 61 74 61 2e 67 65 74 28 22 61 75 74 6f 72 22 29 20 6f 72 20 64 61 74 61 2e 67 65 74 28 22 61 75 74 68 6f 72 22 2c 20 22 22 29 20 6f 72 20 22 22]
quadro_avisos.py:468 [20 20 20 20 20 20 20 20 20 20 20 20 20 20 20 20 20 20 20 20 20 20 20 20 20 20 28 22 66 5f 68 6f 72 61 72 69 6f 5f 65 76 65 6e 74 6f 22 2c 20 22 68 6f 72 61 72 69 6f 5f 65 76 65 6e 74 6f 22 29 5d 3a 0d 0a]
quadro_avisos.py:479 [20 20 20 20 20 20 20 20 6c 61 79 6f 75 74 20 3d 20 64 61 74 61 2e 67 65 74 28 22 6c 61 79 6f 75 74 22 29 20 6f 72 20 22 73 69 6e 67 6c 65 22 0d 0a]
quadro_avisos.py:480 [20 20 20 20 20 20 20 20 73 65 6c 66 2e 66 5f 6c 61 79 6f 75 74 2e 77 69 64 67 65 74 2e 73 65 74 28 6c 61 79 6f 75 74 29 0d 0a]
quadro_avisos.py:481 [20 20 20 20 20 20 20 20 63 6f 6c 73 20 3d 20 69 6e 74 28 6c 61 79 6f 75 74 2e 73 70 6c 69 74 28 22 2d 22 29 5b 31 5d 29 20 69 66 20 6c 61 79 6f 75 74 2e 73 74 61 72 74 73 77 69 74 68 28 22 67 72 69 64 2d 22 29 20 65 6c 73 65 20 30 0d 0a]
quadro_avisos.py:495 [20 20 20 20 20 20 20 20 20 20 20 20 22 63 61 74 65 67 6f 72 69 61 22 3a 20 20 20 20 20 20 73 65 6c 66 2e 66 5f 63 61 74 65 67 6f 72 69 61 2e 67 65 74 28 29 20 6f 72 20 22 69 6e 66 6f 72 6d 61 74 69 76 6f 22 2c 0d 0a]
quadro_avisos.py:496 [20 20 20 20 20 20 20 20 20 20 20 20 22 61 75 74 6f 72 22 3a 20 20 20 20 20 20 20 20 20 20 73 65 6c 66 2e 66 5f 61 75 74 6f 72 2e 67 65 74 28 29 2e 73 74 72 69 70 28 29 20 6f 72 20 4e 6f 6e 65 2c 0d 0a]
quadro_avisos.py:500 [20 20 20 20 20 20 20 20 20 20 20 20 22 68 6f 72 61 72 69 6f 5f 65 76 65 6e 74 6f 22 3a 20 4e 6f 6e 65 2c 0d 0a]
quadro_avisos.py:501 [20 20 20 20 20 20 20 20 20 20 20 20 22 6c 61 79 6f 75 74 22 3a 20 20 20 20 20 20 20 20 20 73 65 6c 66 2e 66 5f 6c 61 79 6f 75 74 2e 67 65 74 28 29 20 6f 72 20 22 73 69 6e 67 6c 65 22 2c 0d 0a]
quadro_avisos.py:505 [20 20 20 20 20 20 20 20 68 65 20 3d 20 73 65 6c 66 2e 66 5f 68 6f 72 61 72 69 6f 5f 65 76 65 6e 74 6f 2e 67 65 74 28 29 2e 73 74 72 69 70 28 29 0d 0a]
quadro_avisos.py:508 [20 20 20 20 20 20 20 20 20 20 20 20 20 20 20 20 70 61 79 6c 6f 61 64 5b 22 68 6f 72 61 72 69 6f 5f 65 76 65 6e 74 6f 22 5d 20 3d 20 64 61 74 65 74 69 6d 65 2e 64 61 74 65 74 69 6d 65 2e 73 74 72 70 74 69 6d 65 28 0d 0a]
quadro_avisos.py:511 [20 20 20 20 20 20 20 20 20 20 20 20 20 20 20 20 70 61 79 6c 6f 61 64 5b 22 68 6f 72 61 72 69 6f 5f 65 76 65 6e 74 6f 22 5d 20 3d 20 68 65 0d 0a]
quadro_avisos.py:513 [20 20 20 20 20 20 20 20 69 66 20 6e 6f 74 20 70 61 79 6c 6f 61 64 5b 22 74 69 74 75 6c 6f 22 5d 20 6f 72 20 28 70 61 79 6c 6f 61 64 5b 22 6c 61 79 6f 75 74 22 5d 20 3d 3d 20 22 73 69 6e 67 6c 65 22 20 61 6e 64 20 6e 6f 74 20 70 61 79 6c 6f]
quadro_avisos.py:532 [20 20 20 20 20 20 20 20 63 75 72 20 3d 20 73 65 6c 66 2e 66 5f 6c 61 79 6f 75 74 2e 67 65 74 28 29 20 6f 72 20 22 73 69 6e 67 6c 65 22 0d 0a]
quadro_avisos.py:534 [20 20 20 20 20 20 20 20 20 20 20 20 73 65 6c 66 2e 66 5f 6c 61 79 6f 75 74 2e 77 69 64 67 65 74 2e 73 65 74 28 22 67 72 69 64 2d 32 22 29 3b 20 63 75 72 20 3d 20 22 67 72 69 64 2d 32 22 0d 0a]
quadro_avisos.py:543 [20 20 20 20 64 65 66 20 5f 6f 6e 5f 72 65 73 65 74 5f 62 6c 6f 63 6b 73 28 73 65 6c 66 2c 20 6c 61 79 6f 75 74 2c 20 65 78 69 73 74 69 6e 67 29 3a 0d 0a]
quadro_avisos.py:690 [20 20 20 20 20 20 20 20 61 75 74 68 6f 72 20 20 3d 20 73 65 6c 66 2e 66 5f 61 75 74 6f 72 2e 67 65 74 28 29 2e 73 74 72 69 70 28 29 20 20 20 20 20 6f 72 20 22 41 6e 61 6c 69 73 74 61 20 53 65 72 50 6c 65 6e 6f 22 0d 0a]
quadro_avisos.py:692 [20 20 20 20 20 20 20 20 63 61 74 20 20 20 20 20 3d 20 73 65 6c 66 2e 66 5f 63 61 74 65 67 6f 72 69 61 2e 67 65 74 28 29 20 20 20 20 20 20 20 20 20 6f 72 20 22 69 6e 66 6f 72 6d 61 74 69 76 6f 22 0d 0a]
quadro_avisos.py:697 [20 20 20 20 20 20 20 20 23 20 43 68 69 70 20 64 65 20 63 61 74 65 67 6f 72 69 61 0d 0a]
quadro_avisos.py:702 [20 20 20 20 20 20 20 20 6c 61 79 6f 75 74 20 3d 20 73 65 6c 66 2e 66 5f 6c 61 79 6f 75 74 2e 67 65 74 28 29 20 6f 72 20 22 73 69 6e 67 6c 65 22 0d 0a]
quadro_avisos.py:703 [20 20 20 20 20 20 20 20 69 66 20 6c 61 79 6f 75 74 20 3d 3d 20 22 73 69 6e 67 6c 65 22 3a 0d 0a]
quadro_avisos.py:712 [20 20 20 20 20 20 20 20 20 20 20 20 20 20 20 20 63 6f 6c 73 20 3d 20 69 6e 74 28 6c 61 79 6f 75 74 2e 73 70 6c 69 74 28 22 2d 22 29 5b 31 5d 29 0d 0a]
quadro_avisos.py:779 [20 20 20 20 20 20 20 20 20 20 20 20 20 20 20 20 20 20 20 20 20 74 65 78 74 3d 22 e2 8f b3 20 20 43 61 72 72 65 67 61 6e 64 6f 20 70 75 62 6c 69 63 61 c3 a7 c3 b5 65 73 2e 2e 2e 22 2c 0d 0a]
quadro_avisos.py:816 [20 20 20 20 20 20 20 20 20 20 20 20 20 20 20 20 70 6f 73 74 2e 67 65 74 28 22 61 75 74 6f 72 22 29 20 20 20 20 20 6f 72 20 70 6f 73 74 2e 67 65 74 28 22 61 75 74 68 6f 72 22 29 20 20 20 20 20 6f 72 20 22 53 69 73 74 65 6d 61 22 2c 0d 0a]
quadro_avisos.py:818 [20 20 20 20 20 20 20 20 20 20 20 20 20 20 20 20 70 6f 73 74 2e 67 65 74 28 22 63 61 74 65 67 6f 72 69 61 22 29 20 6f 72 20 70 6f 73 74 2e 67 65 74 28 22 63 61 74 65 67 6f 72 79 22 29 20 20 20 6f 72 20 22 69 6e 66 6f 72 6d 61 74 69 76 6f 22]
quadro_avisos.py:838 [20 20 20 20 64 65 66 20 5f 63 72 69 61 72 5f 63 61 72 64 28 73 65 6c 66 2c 20 61 76 69 73 6f 5f 69 64 2c 20 74 69 74 75 6c 6f 2c 20 64 65 73 63 72 69 63 61 6f 2c 20 61 75 74 6f 72 2c 20 64 61 74 61 2c 20 63 61 74 65 67 6f 72 69 61 3d 22 69]
quadro_avisos.py:843 [20 20 20 20 20 20 20 20 63 6f 6c 6f 72 2c 20 5f 20 3d 20 51 5b 22 63 61 74 22 5d 2e 67 65 74 28 63 61 74 65 67 6f 72 69 61 2c 20 5f 43 41 54 5f 44 45 46 41 55 4c 54 29 0d 0a]
quadro_avisos.py:854 [20 20 20 20 20 20 20 20 63 68 69 70 5f 66 72 61 6d 65 20 3d 20 63 74 6b 2e 43 54 6b 46 72 61 6d 65 28 74 6f 70 2c 20 66 67 5f 63 6f 6c 6f 72 3d 51 5b 22 63 61 74 22 5d 2e 67 65 74 28 63 61 74 65 67 6f 72 69 61 2c 20 5f 43 41 54 5f 44 45 46]
quadro_avisos.py:857 [20 20 20 20 20 20 20 20 63 74 6b 2e 43 54 6b 4c 61 62 65 6c 28 63 68 69 70 5f 66 72 61 6d 65 2c 20 74 65 78 74 3d 63 61 74 65 67 6f 72 69 61 2e 63 61 70 69 74 61 6c 69 7a 65 28 29 2c 0d 0a]
quadro_avisos.py:879 [20 20 20 20 20 20 20 20 20 20 20 20 61 63 74 73 2c 20 74 65 78 74 3d 22 f0 9f 98 80 e2 80 94 e2 80 98 20 20 45 78 63 6c 75 69 72 22 2c 0d 0a]
quadro_avisos.py:902 [20 20 20 20 20 20 20 20 66 6f 72 20 69 63 6f 6e 2c 20 76 61 6c 20 69 6e 20 5b 28 22 f0 9f 91 81 c2 a4 22 2c 20 61 75 74 6f 72 29 2c 20 28 22 f0 9f 93 8a 22 2c 20 64 61 74 61 29 5d 3a 0d 0a]
quadro_avisos.py:910 [20 20 20 20 23 20 e2 80 94 e2 80 94 20 45 64 69 74 61 72 20 2f 20 45 78 63 6c 75 69 72 20 e2 80 94 e2 80 94 e2 80 94 e2 80 94 e2 80 94 e2 80 94 e2 80 94 e2 80 94 e2 80 94 e2 80 94 e2 80 94 e2 80 94 e2 80 94 e2 80 94 e2 80 94 e2 80 94 e2 80]
quadro_avisos.py:928 [20 20 20 20 20 20 20 20 20 20 20 20 20 20 20 20 20 20 20 20 20 20 20 20 20 20 20 20 20 20 20 20 20 20 20 22 45 78 63 6c 75 69 72 20 65 73 74 61 20 70 75 62 6c 69 63 61 c3 a7 c3 a3 6f 20 70 65 72 6d 61 6e 65 6e 74 65 6d 65 6e 74 65 3f 22 29]
quadro_avisos.py:932 [20 20 20 20 20 20 20 20 20 20 20 20 6d 65 73 73 61 67 65 62 6f 78 2e 73 68 6f 77 65 72 72 6f 72 28 22 45 72 72 6f 20 61 6f 20 65 78 63 6c 75 69 72 22 2c 0d 0a]
orientacoes.py:33 [20 20 20 20 22 74 65 6d 61 73 22 3a 20 7b 0d 0a]
orientacoes.py:43 [5f 54 45 4d 41 5f 44 45 46 41 55 4c 54 20 3d 20 28 22 23 34 46 34 36 45 35 22 2c 20 22 23 45 45 46 32 46 46 22 29 0d 0a]
orientacoes.py:73 [64 65 66 20 5f 63 68 69 70 28 70 61 72 65 6e 74 2c 20 74 65 78 74 3a 20 73 74 72 2c 20 74 65 6d 61 3a 20 73 74 72 20 3d 20 22 22 29 20 2d 3e 20 63 74 6b 2e 43 54 6b 46 72 61 6d 65 3a 0d 0a]
orientacoes.py:74 [20 20 20 20 63 6f 6c 6f 72 2c 20 73 6f 66 74 20 3d 20 4f 5b 22 74 65 6d 61 73 22 5d 2e 67 65 74 28 74 65 6d 61 2c 20 5f 54 45 4d 41 5f 44 45 46 41 55 4c 54 29 0d 0a]
orientacoes.py:256 [20 20 20 20 20 20 20 20 74 65 6d 61 20 20 3d 20 73 65 6c 66 2e 5f 6f 2e 67 65 74 28 22 74 68 65 6d 65 22 2c 20 22 47 65 72 61 6c 22 29 0d 0a]
orientacoes.py:257 [20 20 20 20 20 20 20 20 63 6f 6c 6f 72 2c 20 73 6f 66 74 20 3d 20 4f 5b 22 74 65 6d 61 73 22 5d 2e 67 65 74 28 74 65 6d 61 2c 20 5f 54 45 4d 41 5f 44 45 46 41 55 4c 54 29 0d 0a]
orientacoes.py:259 [20 20 20 20 20 20 20 20 23 20 42 61 72 72 61 20 6c 61 74 65 72 61 6c 20 63 6f 6c 6f 72 69 64 61 20 70 65 6c 6f 20 74 65 6d 61 0d 0a]
orientacoes.py:288 [20 20 20 20 20 20 20 20 23 20 54 c3 ad 74 75 6c 6f 20 2b 20 74 65 6d 61 20 63 68 69 70 0d 0a]
orientacoes.py:297 [20 20 20 20 20 20 20 20 63 68 69 70 20 3d 20 5f 63 68 69 70 28 6d 65 74 61 2c 20 74 65 6d 61 2c 20 74 65 6d 61 29 0d 0a]
orientacoes.py:309 [20 20 20 20 20 20 20 20 20 20 20 20 28 22 f0 9f 97 82 20 20 44 75 70 6c 69 63 61 72 22 2c 20 6c 61 6d 62 64 61 3a 20 73 65 6c 66 2e 5f 6f 6e 5f 64 75 70 6c 69 63 61 74 65 28 73 65 6c 66 2e 5f 6f 2e 67 65 74 28 22 69 64 22 29 29 2c 0d 0a]
orientacoes.py:311 [20 20 20 20 20 20 20 20 20 20 20 20 28 22 f0 9f 98 80 e2 80 94 e2 80 98 20 20 45 78 63 6c 75 69 72 22 2c 20 20 6c 61 6d 62 64 61 3a 20 73 65 6c 66 2e 5f 6f 6e 5f 64 65 6c 65 74 65 28 73 65 6c 66 2e 5f 6f 2e 67 65 74 28 22 69 64 22 29 29 2c]
orientacoes.py:356 [20 20 20 20 23 20 20 4c 41 59 4f 55 54 3a 20 73 69 64 65 62 61 72 20 2b 20 70 61 69 6e 65 6c 0d 0a]
orientacoes.py:385 [20 20 20 20 20 20 20 20 23 20 42 75 73 63 61 0d 0a]
orientacoes.py:386 [20 20 20 20 20 20 20 20 73 65 61 72 63 68 5f 77 72 61 70 20 3d 20 63 74 6b 2e 43 54 6b 46 72 61 6d 65 28 73 69 64 65 62 61 72 2c 20 66 67 5f 63 6f 6c 6f 72 3d 22 23 46 33 46 34 46 36 22 2c 20 63 6f 72 6e 65 72 5f 72 61 64 69 75 73 3d 31 30]
orientacoes.py:387 [20 20 20 20 20 20 20 20 73 65 61 72 63 68 5f 77 72 61 70 2e 67 72 69 64 28 72 6f 77 3d 31 2c 20 63 6f 6c 75 6d 6e 3d 30 2c 20 73 74 69 63 6b 79 3d 22 65 77 22 2c 20 70 61 64 78 3d 73 70 61 63 69 6e 67 28 22 73 6d 22 29 2c 20 70 61 64 79 3d]
orientacoes.py:389 [20 20 20 20 20 20 20 20 63 74 6b 2e 43 54 6b 4c 61 62 65 6c 28 73 65 61 72 63 68 5f 77 72 61 70 2c 20 74 65 78 74 3d 22 f0 9f 94 8d 22 2c 0d 0a]
orientacoes.py:393 [20 20 20 20 20 20 20 20 73 65 6c 66 2e 5f 65 6e 74 72 79 5f 62 75 73 63 61 20 3d 20 63 74 6b 2e 43 54 6b 45 6e 74 72 79 28 0d 0a]
orientacoes.py:394 [20 20 20 20 20 20 20 20 20 20 20 20 73 65 61 72 63 68 5f 77 72 61 70 2c 0d 0a]
orientacoes.py:395 [20 20 20 20 20 20 20 20 20 20 20 20 70 6c 61 63 65 68 6f 6c 64 65 72 5f 74 65 78 74 3d 22 42 75 73 63 61 72 20 65 73 74 75 64 61 6e 74 65 2e 2e 2e 22 2c 0d 0a]
orientacoes.py:401 [20 20 20 20 20 20 20 20 73 65 6c 66 2e 5f 65 6e 74 72 79 5f 62 75 73 63 61 2e 70 61 63 6b 28 73 69 64 65 3d 22 6c 65 66 74 22 2c 20 66 69 6c 6c 3d 22 78 22 2c 20 65 78 70 61 6e 64 3d 54 72 75 65 2c 20 70 61 64 78 3d 28 34 2c 20 38 29 29 0d]
orientacoes.py:402 [20 20 20 20 20 20 20 20 73 65 6c 66 2e 5f 65 6e 74 72 79 5f 62 75 73 63 61 2e 62 69 6e 64 28 22 3c 4b 65 79 52 65 6c 65 61 73 65 3e 22 2c 20 73 65 6c 66 2e 5f 66 69 6c 74 72 61 72 5f 65 73 74 75 64 61 6e 74 65 73 29 0d 0a]
orientacoes.py:418 [20 20 20 20 20 20 20 20 20 20 20 20 74 65 78 74 3d 22 43 61 72 72 65 67 61 6e 64 6f 20 65 73 74 75 64 61 6e 74 65 73 2e 2e 2e 22 2c 0d 0a]
orientacoes.py:532 [20 20 20 20 20 20 20 20 73 65 6c 66 2e 66 5f 74 65 6d 61 20 3d 20 46 6f 72 6d 46 69 65 6c 64 28 72 6f 77 2c 20 22 f0 9f 93 8c 20 20 54 65 6d 61 22 2c 0d 0a]
orientacoes.py:536 [20 20 20 20 20 20 20 20 73 65 6c 66 2e 66 5f 74 65 6d 61 2e 67 72 69 64 28 72 6f 77 3d 30 2c 20 63 6f 6c 75 6d 6e 3d 30 2c 20 73 74 69 63 6b 79 3d 22 65 77 22 2c 20 70 61 64 78 3d 28 30 2c 20 36 29 29 0d 0a]
orientacoes.py:542 [20 20 20 20 20 20 20 20 73 65 6c 66 2e 66 5f 65 6e 63 61 6d 69 6e 68 61 6d 65 6e 74 6f 20 3d 20 46 6f 72 6d 46 69 65 6c 64 28 62 6f 64 79 2c 20 22 f0 9f 94 8d e2 80 94 20 20 45 6e 63 61 6d 69 6e 68 61 6d 65 6e 74 6f 22 2c 0d 0a]
orientacoes.py:544 [20 20 20 20 20 20 20 20 73 65 6c 66 2e 66 5f 65 6e 63 61 6d 69 6e 68 61 6d 65 6e 74 6f 2e 70 61 63 6b 28 66 69 6c 6c 3d 22 78 22 2c 20 70 61 64 79 3d 28 30 2c 20 31 30 29 29 0d 0a]
orientacoes.py:657 [20 20 20 20 20 20 20 20 74 65 72 6d 6f 20 3d 20 73 65 6c 66 2e 5f 65 6e 74 72 79 5f 62 75 73 63 61 2e 67 65 74 28 29 2e 6c 6f 77 65 72 28 29 20 69 66 20 68 61 73 61 74 74 72 28 73 65 6c 66 2c 20 22 5f 65 6e 74 72 79 5f 62 75 73 63 61 22 29]
orientacoes.py:692 [20 20 20 20 20 20 20 20 20 20 20 20 20 20 20 20 6f 6e 5f 64 75 70 6c 69 63 61 74 65 3d 73 65 6c 66 2e 5f 64 75 70 6c 69 63 61 72 5f 6f 72 69 65 6e 74 61 63 61 6f 2c 0d 0a]
orientacoes.py:693 [20 20 20 20 20 20 20 20 20 20 20 20 20 20 20 20 6f 6e 5f 64 65 6c 65 74 65 3d 73 65 6c 66 2e 5f 65 78 63 6c 75 69 72 5f 6f 72 69 65 6e 74 61 63 61 6f 2c 0d 0a]
orientacoes.py:711 [20 20 20 20 20 20 20 20 20 20 20 20 22 74 68 65 6d 65 22 3a 20 20 20 20 20 20 20 20 73 65 6c 66 2e 66 5f 74 65 6d 61 2e 67 65 74 28 29 2c 0d 0a]
orientacoes.py:713 [20 20 20 20 20 20 20 20 20 20 20 20 22 72 65 66 65 72 72 61 6c 22 3a 20 20 20 20 20 73 65 6c 66 2e 66 5f 65 6e 63 61 6d 69 6e 68 61 6d 65 6e 74 6f 2e 67 65 74 28 29 2e 73 74 72 69 70 28 29 2c 0d 0a]
orientacoes.py:740 [20 20 20 20 20 20 20 20 73 65 6c 66 2e 66 5f 74 65 6d 61 2e 77 69 64 67 65 74 2e 73 65 74 28 6f 2e 67 65 74 28 22 74 68 65 6d 65 22 2c 20 22 47 65 72 61 6c 22 29 29 0d 0a]
orientacoes.py:743 [20 20 20 20 20 20 20 20 73 65 6c 66 2e 66 5f 65 6e 63 61 6d 69 6e 68 61 6d 65 6e 74 6f 2e 64 65 6c 65 74 65 28 30 2c 20 22 65 6e 64 22 29 0d 0a]
orientacoes.py:744 [20 20 20 20 20 20 20 20 73 65 6c 66 2e 66 5f 65 6e 63 61 6d 69 6e 68 61 6d 65 6e 74 6f 2e 69 6e 73 65 72 74 28 30 2c 20 6f 2e 67 65 74 28 22 72 65 66 65 72 72 61 6c 22 2c 20 22 22 29 20 6f 72 20 22 22 29 0d 0a]
orientacoes.py:749 [20 20 20 20 64 65 66 20 5f 64 75 70 6c 69 63 61 72 5f 6f 72 69 65 6e 74 61 63 61 6f 28 73 65 6c 66 2c 20 6f 69 64 29 3a 0d 0a]
orientacoes.py:750 [20 20 20 20 20 20 20 20 6c 6f 67 67 65 72 2e 69 6e 66 6f 28 22 44 75 70 6c 69 63 61 72 20 6f 72 69 65 6e 74 61 c3 a7 c3 a3 6f 20 25 73 22 2c 20 6f 69 64 29 0d 0a]
orientacoes.py:752 [20 20 20 20 64 65 66 20 5f 65 78 63 6c 75 69 72 5f 6f 72 69 65 6e 74 61 63 61 6f 28 73 65 6c 66 2c 20 6f 69 64 29 3a 0d 0a]
orientacoes.py:753 [20 20 20 20 20 20 20 20 69 66 20 6e 6f 74 20 6d 65 73 73 61 67 65 62 6f 78 2e 61 73 6b 79 65 73 6e 6f 28 22 43 6f 6e 66 69 72 6d 61 72 22 2c 20 22 45 78 63 6c 75 69 72 20 65 73 74 61 20 6f 72 69 65 6e 74 61 c3 a7 c3 a3 6f 3f 22 29 3a 0d 0a]
orientacoes.py:756 [20 20 20 20 20 20 20 20 64 65 66 20 64 65 6c 65 74 65 28 29 3a 20 72 65 74 75 72 6e 20 73 65 6c 66 2e 73 65 72 76 69 63 6f 5f 6f 72 69 65 6e 74 61 63 6f 65 73 2e 65 78 63 6c 75 69 72 5f 6f 72 69 65 6e 74 61 63 61 6f 28 6f 69 64 29 0d 0a]
orientacoes.py:780 [20 20 20 20 20 20 20 20 74 65 6d 61 20 20 3d 20 6f 2e 67 65 74 28 22 74 68 65 6d 65 22 2c 20 22 47 65 72 61 6c 22 29 0d 0a]
orientacoes.py:781 [20 20 20 20 20 20 20 20 63 6f 6c 6f 72 2c 20 73 6f 66 74 20 3d 20 4f 5b 22 74 65 6d 61 73 22 5d 2e 67 65 74 28 74 65 6d 61 2c 20 5f 54 45 4d 41 5f 44 45 46 41 55 4c 54 29 0d 0a]
orientacoes.py:802 [20 20 20 20 20 20 20 20 63 74 6b 2e 43 54 6b 4c 61 62 65 6c 28 63 68 69 70 2c 20 74 65 78 74 3d 74 65 6d 61 2c 0d 0a]
orientacoes.py:812 [20 20 20 20 20 20 20 20 20 20 20 20 28 22 f0 9f 93 8c 20 20 54 65 6d 61 22 2c 20 20 20 20 20 20 20 20 20 20 74 65 6d 61 29 2c 0d 0a]
orientacoes.py:813 [20 20 20 20 20 20 20 20 20 20 20 20 28 22 f0 9f 94 8d e2 80 94 20 20 45 6e 63 61 6d 69 6e 68 61 6d 65 6e 74 6f 22 2c 20 6f 2e 67 65 74 28 22 72 65 66 65 72 72 61 6c 22 29 20 6f 72 20 22 e2 80 94 e2 80 9d 22 29 2c 0d 0a]
analise_triagem.py:8 [66 72 6f 6d 20 73 65 72 5f 70 6c 65 6e 6f 2e 70 72 65 73 65 6e 74 61 74 69 6f 6e 2e 63 6f 6d 70 6f 6e 65 6e 74 73 2e 75 69 5f 63 6f 6d 70 6f 6e 65 6e 74 73 20 69 6d 70 6f 72 74 20 28 0d 0a]
analise_triagem.py:33 [5f 43 4f 4c 5f 48 45 41 44 45 52 53 20 3d 20 5b 22 45 73 74 75 64 61 6e 74 65 22 2c 20 22 44 61 74 61 22 2c 20 22 50 72 69 6f 72 69 64 61 64 65 22 2c 20 22 53 74 61 74 75 73 22 2c 20 22 41 c3 a7 c3 b5 65 73 22 5d 0d 0a]
analise_triagem.py:147 [20 20 20 20 20 20 20 20 20 20 20 20 28 22 41 6c 74 61 20 50 72 69 6f 72 69 64 61 64 65 22 2c 20 20 20 73 74 72 28 61 6c 74 61 5f 70 29 2c 20 20 20 20 20 22 e2 9a a1 20 22 2c 20 54 48 45 4d 45 5b 22 6b 70 69 5f 72 65 64 22 5d 2c 20 20 20 54]
analise_triagem.py:195 [20 20 20 20 20 20 20 20 73 65 6c 66 2e 66 69 6c 74 72 6f 5f 70 72 69 6f 72 69 64 61 64 65 20 3d 20 63 74 6b 2e 43 54 6b 4f 70 74 69 6f 6e 4d 65 6e 75 28 0d 0a]
analise_triagem.py:201 [20 20 20 20 20 20 20 20 73 65 6c 66 2e 66 69 6c 74 72 6f 5f 70 72 69 6f 72 69 64 61 64 65 2e 67 72 69 64 28 72 6f 77 3d 30 2c 20 63 6f 6c 75 6d 6e 3d 31 2c 20 73 74 69 63 6b 79 3d 22 65 77 22 2c 20 70 61 64 78 3d 53 50 41 43 49 4e 47 5b 22]
analise_triagem.py:318 [20 20 20 20 20 20 20 20 23 20 43 6f 6c 20 32 20 e2 80 94 e2 80 9c 20 50 72 69 6f 72 69 64 61 64 65 20 28 63 68 69 70 29 0d 0a]
analise_triagem.py:348 [20 20 20 20 20 20 20 20 70 72 20 3d 20 73 65 6c 66 2e 66 69 6c 74 72 6f 5f 70 72 69 6f 72 69 64 61 64 65 2e 67 65 74 28 29 0d 0a]
analise_triagem.py:358 [20 20 20 20 20 20 20 20 73 65 6c 66 2e 66 69 6c 74 72 6f 5f 70 72 69 6f 72 69 64 61 64 65 2e 73 65 74 28 22 54 6f 64 61 73 22 29 0d 0a]
analise_triagem.py:444 [20 20 20 20 20 20 20 20 63 74 6b 2e 43 54 6b 4c 61 62 65 6c 28 72 6f 77 32 2c 20 74 65 78 74 3d 22 50 72 69 6f 72 69 64 61 64 65 22 2c 0d 0a]
analise_triagem.py:451 [20 20 20 20 20 20 20 20 6f 6d 5f 70 72 69 6f 72 69 64 61 64 65 20 3d 20 63 74 6b 2e 43 54 6b 4f 70 74 69 6f 6e 4d 65 6e 75 28 0d 0a]
analise_triagem.py:453 [20 20 20 20 20 20 20 20 6f 6d 5f 70 72 69 6f 72 69 64 61 64 65 2e 67 72 69 64 28 72 6f 77 3d 31 2c 20 63 6f 6c 75 6d 6e 3d 30 2c 20 73 74 69 63 6b 79 3d 22 65 77 22 2c 20 70 61 64 78 3d 28 30 2c 20 53 50 41 43 49 4e 47 5b 22 69 63 6f 6e 5f]
analise_triagem.py:486 [20 20 20 20 20 20 20 20 20 20 20 20 20 20 20 20 22 70 72 69 6f 72 69 74 79 22 3a 20 6f 6d 5f 70 72 69 6f 72 69 64 61 64 65 2e 67 65 74 28 29 2c 0d 0a]
analise_triagem.py:545 [20 20 20 20 20 20 20 20 69 6e 66 6f 5f 72 6f 77 28 22 50 72 69 6f 72 69 64 61 64 65 22 2c 20 69 74 65 6d 5b 22 70 72 69 6f 72 69 74 79 22 5d 2c 20 70 5f 63 6f 6c 6f 72 29 0d 0a]
relatorio.py:3 [66 72 6f 6d 20 73 65 72 5f 70 6c 65 6e 6f 2e 70 72 65 73 65 6e 74 61 74 69 6f 6e 2e 63 6f 6d 70 6f 6e 65 6e 74 73 2e 75 69 5f 63 6f 6d 70 6f 6e 65 6e 74 73 20 69 6d 70 6f 72 74 20 44 69 76 69 64 65 72 2c 20 45 6d 70 74 79 53 74 61 74 65 2c]
relatorio.py:12 [23 20 20 44 65 73 69 67 6e 20 74 6f 6b 65 6e 73 20 e2 80 94 e2 80 9c 20 66 61 6d c3 ad 6c 69 61 20 c3 ad 6e 64 69 67 6f 20 28 63 6f 6e 73 69 73 74 65 6e 74 65 20 63 6f 6d 20 74 6f 64 6f 20 6f 20 73 69 73 74 65 6d 61 29 0d 0a]
relatorio.py:34 [23 20 20 48 65 6c 70 65 72 73 20 64 65 20 6c 61 79 6f 75 74 0d 0a]
relatorio.py:134 [20 20 20 20 20 20 20 20 73 65 6c 66 2e 5f 63 72 69 61 72 5f 73 65 63 61 6f 5f 65 78 70 6f 72 74 61 63 61 6f 28 29 0d 0a]
relatorio.py:210 [20 20 20 20 64 65 66 20 63 72 69 61 72 5f 6c 61 79 6f 75 74 28 73 65 6c 66 29 3a 0d 0a]
relatorio.py:211 [20 20 20 20 20 20 20 20 70 61 73 73 20 20 23 20 63 6f 6d 70 61 74 69 62 69 6c 69 64 61 64 65 0d 0a]
relatorio.py:255 [20 20 20 20 20 20 20 20 20 20 20 20 68 64 72 2c 20 74 65 78 74 3d 22 41 74 69 76 69 64 61 64 65 73 20 6e 6f 73 20 c3 9a 6c 74 69 6d 6f 73 20 33 30 20 44 69 61 73 22 2c 0d 0a]
relatorio.py:419 [20 20 20 20 64 65 66 20 5f 63 72 69 61 72 5f 73 65 63 61 6f 5f 65 78 70 6f 72 74 61 63 61 6f 28 73 65 6c 66 29 3a 0d 0a]
relatorio.py:467 [20 20 20 20 64 65 66 20 63 72 69 61 72 5f 73 65 63 61 6f 5f 65 78 70 6f 72 74 61 63 61 6f 28 73 65 6c 66 29 3a 0d 0a]
relatorio.py:468 [20 20 20 20 20 20 20 20 73 65 6c 66 2e 5f 63 72 69 61 72 5f 73 65 63 61 6f 5f 65 78 70 6f 72 74 61 63 61 6f 28 29 0d 0a]
relatorio.py:620 [20 20 20 20 20 20 20 20 20 20 20 20 28 22 f0 9f 91 81 22 2c 20 22 56 69 73 75 61 6c 69 7a 61 72 22 2c 20 6c 61 6d 62 64 61 3a 20 4e 6f 6e 65 29 2c 0d 0a]
relatorio.py:621 [20 20 20 20 20 20 20 20 20 20 20 20 28 22 f0 9f 93 a5 22 2c 20 22 42 61 69 78 61 72 22 2c 20 20 20 20 20 6c 61 6d 62 64 61 3a 20 4e 6f 6e 65 29 2c 0d 0a]
relatorio.py:622 [20 20 20 20 20 20 20 20 20 20 20 20 28 22 f0 9f 98 80 e2 80 94 e2 80 98 22 2c 20 22 45 78 63 6c 75 69 72 22 2c 20 20 20 20 6c 61 6d 62 64 61 3a 20 4e 6f 6e 65 29 2c 0d 0a]
dashboard.py:1 [66 72 6f 6d 20 73 65 72 5f 70 6c 65 6e 6f 2e 70 72 65 73 65 6e 74 61 74 69 6f 6e 2e 63 6f 6d 70 6f 6e 65 6e 74 73 2e 75 69 5f 63 6f 6d 70 6f 6e 65 6e 74 73 20 69 6d 70 6f 72 74 20 28 0d 0a]
dashboard.py:98 [20 20 20 20 20 20 20 20 23 20 43 68 69 70 20 64 65 20 70 72 69 6f 72 69 64 61 64 65 0d 0a]
dashboard.py:140 [20 20 20 20 20 20 20 20 66 69 6c 6c 5f 77 20 3d 20 6d 61 78 28 31 2c 20 69 6e 74 28 76 61 6c 6f 72 20 2a 20 31 30 30 30 29 29 20 20 23 20 70 72 6f 70 6f 72 63 69 6f 6e 61 6c 20 65 6d 20 31 30 30 30 20 75 6e 69 64 61 64 65 73 0d 0a]
dashboard.py:323 [20 20 20 20 20 20 20 20 20 20 20 20 62 6f 64 79 2c 20 74 65 78 74 3d 73 65 6c 66 2e 75 73 65 72 5f 64 61 74 61 2e 67 65 74 28 22 65 6d 61 69 6c 22 2c 20 22 22 29 2c 0d 0a]
dashboard.py:420 [20 20 20 20 20 20 20 20 73 65 6c 66 2e 5f 61 74 75 61 6c 69 7a 61 72 5f 73 65 63 61 6f 5f 68 75 6d 6f 72 28 64 61 74 61 29 0d 0a]
dashboard.py:500 [20 20 20 20 20 20 20 20 6d 65 64 69 61 5f 68 75 6d 6f 72 20 3d 20 64 61 74 61 2e 67 65 74 28 22 6d 65 64 69 61 5f 68 75 6d 6f 72 22 29 0d 0a]
dashboard.py:501 [20 20 20 20 20 20 20 20 68 75 6d 6f 72 5f 65 6d 6f 6a 69 20 3d 20 73 65 6c 66 2e 5f 68 75 6d 6f 72 5f 65 6d 6f 6a 69 28 6d 65 64 69 61 5f 68 75 6d 6f 72 29 0d 0a]
dashboard.py:512 [20 20 20 20 20 20 20 20 20 20 20 20 28 22 48 75 6d 6f 72 20 4d c3 a9 64 69 6f 22 2c 0d 0a]
dashboard.py:513 [20 20 20 20 20 20 20 20 20 20 20 20 20 66 22 7b 6d 65 64 69 61 5f 68 75 6d 6f 72 3a 2e 31 66 7d 2f 35 22 20 69 66 20 6d 65 64 69 61 5f 68 75 6d 6f 72 20 65 6c 73 65 20 22 e2 80 94 e2 80 9d 22 2c 0d 0a]
dashboard.py:514 [20 20 20 20 20 20 20 20 20 20 20 20 20 68 75 6d 6f 72 5f 65 6d 6f 6a 69 2c 20 54 48 45 4d 45 5b 22 6b 70 69 5f 61 6d 62 65 72 22 5d 2c 20 54 48 45 4d 45 5b 22 6b 70 69 5f 61 6d 62 65 72 5f 73 6f 66 74 22 5d 2c 20 22 4d c3 a9 64 69 61 20 64]
dashboard.py:543 [20 20 20 20 20 20 20 20 73 65 6c 66 2e 63 68 61 72 74 5f 63 61 72 64 20 3d 20 43 61 72 64 28 73 65 6c 66 2e 6c 65 66 74 5f 63 6f 6c 2c 20 74 69 74 6c 65 3d 22 f0 9f 93 8b 20 20 48 75 6d 6f 72 20 64 6f 73 20 45 73 74 75 64 61 6e 74 65 73 20]
dashboard.py:618 [20 20 20 20 64 65 66 20 5f 61 74 75 61 6c 69 7a 61 72 5f 73 65 63 61 6f 5f 68 75 6d 6f 72 28 73 65 6c 66 2c 20 64 61 74 61 29 3a 0d 0a]
dashboard.py:619 [20 20 20 20 20 20 20 20 68 75 6d 6f 72 5f 68 69 73 74 6f 72 79 20 3d 20 64 61 74 61 2e 67 65 74 28 22 68 75 6d 6f 72 5f 68 69 73 74 6f 72 79 22 2c 20 5b 5d 29 0d 0a]
dashboard.py:620 [20 20 20 20 20 20 20 20 73 65 6c 66 2e 5f 64 72 61 77 5f 63 68 61 72 74 28 68 75 6d 6f 72 5f 68 69 73 74 6f 72 79 20 69 66 20 68 75 6d 6f 72 5f 68 69 73 74 6f 72 79 20 65 6c 73 65 20 4e 6f 6e 65 29 0d 0a]
dashboard.py:625 [20 20 20 20 64 65 66 20 5f 64 72 61 77 5f 63 68 61 72 74 28 73 65 6c 66 2c 20 68 75 6d 6f 72 5f 68 69 73 74 6f 72 79 3d 4e 6f 6e 65 29 3a 0d 0a]
dashboard.py:632 [20 20 20 20 20 20 20 20 69 66 20 6e 6f 74 20 68 75 6d 6f 72 5f 68 69 73 74 6f 72 79 3a 0d 0a]
dashboard.py:638 [20 20 20 20 20 20 20 20 20 20 20 20 70 74 73 20 20 20 3d 20 5b 69 74 65 6d 5b 22 6d 65 64 69 61 5f 68 75 6d 6f 72 22 5d 20 66 6f 72 20 69 74 65 6d 20 69 6e 20 68 75 6d 6f 72 5f 68 69 73 74 6f 72 79 5d 0d 0a]
dashboard.py:639 [20 20 20 20 20 20 20 20 20 20 20 20 64 61 74 65 73 20 3d 20 5b 69 74 65 6d 2e 67 65 74 28 22 64 61 74 61 22 2c 20 22 22 29 20 66 6f 72 20 69 74 65 6d 20 69 6e 20 68 75 6d 6f 72 5f 68 69 73 74 6f 72 79 5d 0d 0a]
dashboard.py:711 [20 20 20 20 20 20 20 20 6c 65 67 65 6e 64 20 3d 20 5b 28 22 e2 97 8f 20 42 6f 6d 22 2c 20 54 48 45 4d 45 5b 22 64 6f 74 5f 67 6f 6f 64 22 5d 29 2c 20 28 22 e2 97 8f 20 41 74 65 6e c3 a7 c3 a3 6f 22 2c 20 54 48 45 4d 45 5b 22 64 6f 74 5f 6d]
dashboard.py:785 [20 20 20 20 64 65 66 20 5f 68 75 6d 6f 72 5f 65 6d 6f 6a 69 28 6d 65 64 69 61 29 20 2d 3e 20 73 74 72 3a 0d 0a]
dashboard.py:794 [20 20 20 20 64 65 66 20 67 65 74 5f 68 75 6d 6f 72 5f 65 6d 6f 6a 69 28 6d 65 64 69 61 29 3a 0d 0a]
dashboard.py:795 [20 20 20 20 20 20 20 20 72 65 74 75 72 6e 20 44 61 73 68 62 6f 61 72 64 46 72 61 6d 65 2e 5f 68 75 6d 6f 72 5f 65 6d 6f 6a 69 28 6d 65 64 69 61 29 0d 0a]
agenda.py:8 [66 72 6f 6d 20 73 65 72 5f 70 6c 65 6e 6f 2e 70 72 65 73 65 6e 74 61 74 69 6f 6e 2e 63 6f 6d 70 6f 6e 65 6e 74 73 2e 75 69 5f 63 6f 6d 70 6f 6e 65 6e 74 73 20 69 6d 70 6f 72 74 20 28 0d 0a]
agenda.py:10 [20 20 20 20 49 6e 70 75 74 46 69 65 6c 64 2c 20 53 65 61 72 63 68 46 69 65 6c 64 2c 20 42 61 64 67 65 2c 20 41 76 61 74 61 72 2c 20 50 69 6c 6c 2c 20 54 6f 61 73 74 2c 20 53 65 63 74 69 6f 6e 48 65 61 64 65 72 2c 20 42 61 73 65 4d 6f 64 61]
agenda.py:31 [64 65 66 20 5f 66 6f 72 6d 61 74 61 72 5f 68 6f 72 61 72 69 6f 5f 65 6e 74 72 79 28 77 69 64 67 65 74 3a 20 63 74 6b 2e 43 54 6b 45 6e 74 72 79 29 3a 0d 0a]
agenda.py:114 [20 20 20 20 20 20 20 20 20 20 20 20 20 20 20 20 20 68 6f 72 61 72 69 6f 73 5f 62 61 73 65 3a 20 6c 69 73 74 5b 73 74 72 5d 2c 20 6d 61 70 61 5f 65 73 74 75 64 61 6e 74 65 73 3a 20 64 69 63 74 5b 73 74 72 2c 20 69 6e 74 5d 2c 0d 0a]
agenda.py:120 [20 20 20 20 20 20 20 20 73 65 6c 66 2e 68 6f 72 61 72 69 6f 73 5f 62 61 73 65 20 3d 20 68 6f 72 61 72 69 6f 73 5f 62 61 73 65 0d 0a]
agenda.py:153 [20 20 20 20 20 20 20 20 73 65 6c 66 2e 63 6f 6d 62 6f 5f 68 6f 72 61 20 3d 20 73 65 6c 66 2e 5f 63 61 6d 70 6f 5f 63 6f 6d 62 6f 28 63 6f 6e 74 61 69 6e 65 72 2c 20 22 48 6f 72 c3 a1 72 69 6f 22 2c 20 22 22 2c 20 73 65 6c 66 2e 68 6f 72 61]
agenda.py:282 [20 20 20 20 64 65 66 20 5f 5f 69 6e 69 74 5f 5f 28 73 65 6c 66 2c 20 70 61 72 65 6e 74 2c 20 68 6f 72 61 72 69 6f 73 5f 62 61 73 65 3a 20 6c 69 73 74 5b 73 74 72 5d 2c 20 73 65 72 76 69 63 6f 3a 20 53 65 72 76 69 63 6f 41 67 65 6e 64 61 6d]
agenda.py:286 [20 20 20 20 20 20 20 20 73 65 6c 66 2e 68 6f 72 61 72 69 6f 73 5f 62 61 73 65 20 3d 20 68 6f 72 61 72 69 6f 73 5f 62 61 73 65 0d 0a]
agenda.py:326 [20 20 20 20 20 20 20 20 73 65 6c 66 2e 65 6e 74 72 79 5f 6e 6f 76 6f 2e 62 69 6e 64 28 22 3c 4b 65 79 52 65 6c 65 61 73 65 3e 22 2c 20 6c 61 6d 62 64 61 20 65 3a 20 5f 66 6f 72 6d 61 74 61 72 5f 68 6f 72 61 72 69 6f 5f 65 6e 74 72 79 28 73]
agenda.py:338 [20 20 20 20 20 20 20 20 66 6f 72 20 68 20 69 6e 20 73 65 6c 66 2e 68 6f 72 61 72 69 6f 73 5f 62 61 73 65 3a 0d 0a]
agenda.py:356 [20 20 20 20 20 20 20 20 68 6f 72 61 72 69 6f 20 3d 20 73 65 6c 66 2e 65 6e 74 72 79 5f 6e 6f 76 6f 2e 67 65 74 28 29 2e 73 74 72 69 70 28 29 0d 0a]
agenda.py:357 [20 20 20 20 20 20 20 20 69 66 20 6c 65 6e 28 68 6f 72 61 72 69 6f 29 20 3c 20 35 20 6f 72 20 68 6f 72 61 72 69 6f 5b 32 5d 20 21 3d 20 22 3a 22 3a 0d 0a]
agenda.py:361 [20 20 20 20 20 20 20 20 20 20 20 20 72 65 73 20 3d 20 73 65 6c 66 2e 73 65 72 76 69 63 6f 2e 61 64 69 63 69 6f 6e 61 72 5f 68 6f 72 61 72 69 6f 5f 64 69 73 70 6f 6e 69 62 69 6c 69 64 61 64 65 28 68 6f 72 61 72 69 6f 29 0d 0a]
agenda.py:370 [20 20 20 20 64 65 66 20 5f 72 65 6d 6f 76 65 72 28 73 65 6c 66 2c 20 68 6f 72 61 72 69 6f 29 3a 0d 0a]
agenda.py:371 [20 20 20 20 20 20 20 20 69 66 20 6d 65 73 73 61 67 65 62 6f 78 2e 61 73 6b 79 65 73 6e 6f 28 22 43 6f 6e 66 69 72 6d 61 72 22 2c 20 66 22 44 65 73 65 6a 61 20 72 65 61 6c 6d 65 6e 74 65 20 72 65 6d 6f 76 65 72 20 6f 20 68 6f 72 c3 a1 72 69]
agenda.py:373 [20 20 20 20 20 20 20 20 20 20 20 20 20 20 20 20 72 65 73 20 3d 20 73 65 6c 66 2e 73 65 72 76 69 63 6f 2e 72 65 6d 6f 76 65 72 5f 68 6f 72 61 72 69 6f 5f 64 69 73 70 6f 6e 69 62 69 6c 69 64 61 64 65 28 68 6f 72 61 72 69 6f 29 0d 0a]
agenda.py:393 [20 20 20 20 20 20 20 20 73 65 6c 66 2e 68 6f 72 61 72 69 6f 73 5f 62 61 73 65 3a 20 6c 69 73 74 5b 73 74 72 5d 20 3d 20 5b 5d 0d 0a]
agenda.py:408 [20 20 20 20 20 20 20 20 73 65 6c 66 2e 66 65 74 63 68 5f 68 6f 72 61 72 69 6f 73 5f 62 61 73 65 28 29 0d 0a]
agenda.py:423 [20 20 20 20 20 20 20 20 20 20 20 20 70 72 69 6e 74 28 66 22 45 72 72 6f 20 61 6f 20 62 75 73 63 61 72 20 65 73 74 75 64 61 6e 74 65 73 3a 20 7b 65 7d 22 29 0d 0a]
agenda.py:425 [20 20 20 20 64 65 66 20 66 65 74 63 68 5f 68 6f 72 61 72 69 6f 73 5f 62 61 73 65 28 73 65 6c 66 29 3a 0d 0a]
agenda.py:429 [20 20 20 20 20 20 20 20 20 20 20 20 63 75 72 73 6f 72 2e 65 78 65 63 75 74 65 28 22 53 45 4c 45 43 54 20 48 6f 72 61 72 69 6f 20 46 52 4f 4d 20 64 69 73 70 6f 6e 69 62 69 6c 69 64 61 64 65 20 57 48 45 52 45 20 69 73 5f 61 63 74 69 76 65 20]
agenda.py:431 [20 20 20 20 20 20 20 20 20 20 20 20 73 65 6c 66 2e 68 6f 72 61 72 69 6f 73 5f 62 61 73 65 20 3d 20 5b 5d 0d 0a]
agenda.py:433 [20 20 20 20 20 20 20 20 20 20 20 20 20 20 20 20 68 6f 72 61 72 69 6f 20 3d 20 72 6f 77 5b 30 5d 0d 0a]
agenda.py:434 [20 20 20 20 20 20 20 20 20 20 20 20 20 20 20 20 69 66 20 68 61 73 61 74 74 72 28 68 6f 72 61 72 69 6f 2c 20 22 73 74 72 66 74 69 6d 65 22 29 3a 0d 0a]
agenda.py:435 [20 20 20 20 20 20 20 20 20 20 20 20 20 20 20 20 20 20 20 20 73 65 6c 66 2e 68 6f 72 61 72 69 6f 73 5f 62 61 73 65 2e 61 70 70 65 6e 64 28 68 6f 72 61 72 69 6f 2e 73 74 72 66 74 69 6d 65 28 22 25 48 3a 25 4d 22 29 29 0d 0a]
agenda.py:437 [20 20 20 20 20 20 20 20 20 20 20 20 20 20 20 20 20 20 20 20 68 6f 72 61 72 69 6f 5f 73 74 72 20 3d 20 73 74 72 28 68 6f 72 61 72 69 6f 29 0d 0a]
agenda.py:438 [20 20 20 20 20 20 20 20 20 20 20 20 20 20 20 20 20 20 20 20 73 65 6c 66 2e 68 6f 72 61 72 69 6f 73 5f 62 61 73 65 2e 61 70 70 65 6e 64 28 68 6f 72 61 72 69 6f 5f 73 74 72 5b 3a 35 5d 20 69 66 20 6c 65 6e 28 68 6f 72 61 72 69 6f 5f 73 74 72]
agenda.py:442 [20 20 20 20 20 20 20 20 20 20 20 20 70 72 69 6e 74 28 66 22 45 72 72 6f 20 61 6f 20 62 75 73 63 61 72 20 68 6f 72 c3 a1 72 69 6f 73 20 62 61 73 65 3a 20 7b 65 7d 22 29 0d 0a]
agenda.py:443 [20 20 20 20 20 20 20 20 20 20 20 20 73 65 6c 66 2e 68 6f 72 61 72 69 6f 73 5f 62 61 73 65 20 3d 20 5b 5d 0d 0a]
agenda.py:465 [20 20 20 20 20 20 20 20 66 6f 72 20 69 64 78 2c 20 68 6f 72 61 20 69 6e 20 65 6e 75 6d 65 72 61 74 65 28 73 65 6c 66 2e 68 6f 72 61 72 69 6f 73 5f 62 61 73 65 29 3a 0d 0a]
agenda.py:492 [20 20 20 20 20 20 20 20 50 72 69 6d 61 72 79 42 75 74 74 6f 6e 28 72 69 67 68 74 2c 20 74 65 78 74 3d 22 47 65 72 65 6e 63 69 61 72 20 48 6f 72 c3 a1 72 69 6f 73 22 2c 20 63 6f 6d 6d 61 6e 64 3d 73 65 6c 66 2e 5f 61 62 72 69 72 5f 6d 6f 64]
agenda.py:577 [20 20 20 20 20 20 20 20 20 20 20 20 68 6f 72 61 72 69 6f 73 5f 62 61 73 65 3d 73 65 6c 66 2e 68 6f 72 61 72 69 6f 73 5f 62 61 73 65 2c 0d 0a]
agenda.py:587 [20 20 20 20 20 20 20 20 20 20 20 20 73 65 6c 66 2c 20 73 65 6c 66 2e 68 6f 72 61 72 69 6f 73 5f 62 61 73 65 2c 20 73 65 6c 66 2e 73 65 72 76 69 63 6f 5f 61 67 65 6e 64 61 6d 65 6e 74 6f 2c 0d 0a]
agenda.py:588 [20 20 20 20 20 20 20 20 20 20 20 20 6f 6e 5f 72 65 66 72 65 73 68 3d 73 65 6c 66 2e 66 65 74 63 68 5f 68 6f 72 61 72 69 6f 73 5f 62 61 73 65 0d 0a]
configuracoes.py:12 [66 72 6f 6d 20 73 65 72 5f 70 6c 65 6e 6f 2e 70 72 65 73 65 6e 74 61 74 69 6f 6e 2e 63 6f 6d 70 6f 6e 65 6e 74 73 2e 75 69 5f 63 6f 6d 70 6f 6e 65 6e 74 73 20 69 6d 70 6f 72 74 20 28 0d 0a]
configuracoes.py:388 [20 20 20 20 23 20 e2 80 94 e2 80 94 20 6c 61 79 6f 75 74 20 2d 2d 2d 2d 2d 2d 2d 2d 2d 2d 2d 2d 2d 2d 2d 2d 2d 2d 2d 2d 2d 2d 2d 2d 2d 2d 2d 2d 2d 2d 2d 2d 2d 2d 2d 2d 2d 2d 2d 2d 2d 2d 2d 2d 2d 2d 2d 2d 2d 2d 2d 2d 2d 2d 2d 2d 2d 2d 2d 2d]
configuracoes.py:392 [20 20 20 20 20 20 20 20 20 20 20 20 74 69 74 6c 65 3d 22 50 72 65 66 65 72 c3 aa 6e 63 69 61 73 20 64 6f 20 53 69 73 74 65 6d 61 22 2c 0d 0a]
configuracoes.py:437 [20 20 20 20 20 20 20 20 23 20 4e 6f 6d 65 20 65 20 65 6d 61 69 6c 0d 0a]
configuracoes.py:441 [20 20 20 20 20 20 20 20 65 6d 61 69 6c 20 20 20 3d 20 75 73 65 72 2e 67 65 74 28 22 65 6d 61 69 6c 22 2c 20 22 65 6d 61 69 6c 40 65 78 65 6d 70 6c 6f 2e 63 6f 6d 22 29 0d 0a]
configuracoes.py:446 [20 20 20 20 20 20 20 20 63 74 6b 2e 43 54 6b 4c 61 62 65 6c 28 63 61 72 64 2e 62 6f 64 79 2c 20 74 65 78 74 3d 65 6d 61 69 6c 2c 0d 0a]
configuracoes.py:473 [20 20 20 20 20 20 20 20 43 6f 6e 66 69 67 49 6e 70 75 74 46 69 65 6c 64 28 63 61 72 64 2e 62 6f 64 79 2c 20 22 45 6e 64 65 72 65 c3 a7 6f 20 64 65 20 45 2d 6d 61 69 6c 22 2c 20 76 61 6c 75 65 3d 65 6d 61 69 6c 2c 20 69 63 6f 6e 3d 22 f0 9f]
configuracoes.py:536 [20 20 20 20 20 20 20 20 63 61 72 64 20 3d 20 53 65 63 74 69 6f 6e 43 61 72 64 28 63 6f 6e 74 61 69 6e 65 72 2c 20 22 f0 9f 8e a8 22 2c 20 22 41 70 61 72 c3 aa 6e 63 69 61 20 26 20 41 63 65 73 73 69 62 69 6c 69 64 61 64 65 22 29 0d 0a]
configuracoes.py:550 [20 20 20 20 20 20 20 20 20 20 20 20 63 6f 6d 6d 61 6e 64 3d 73 65 6c 66 2e 5f 61 6c 74 65 72 61 72 5f 74 65 6d 61 2c 0d 0a]
configuracoes.py:566 [20 20 20 20 20 20 20 20 74 69 70 20 3d 20 53 65 63 74 69 6f 6e 43 61 72 64 28 63 61 72 64 2e 62 6f 64 79 2c 20 22 22 2c 20 22 44 69 63 61 20 64 65 20 50 72 6f 64 75 74 69 76 69 64 61 64 65 22 29 0d 0a]
configuracoes.py:576 [20 20 20 20 64 65 66 20 5f 61 6c 74 65 72 61 72 5f 74 65 6d 61 28 73 65 6c 66 2c 20 76 61 6c 6f 72 3a 20 73 74 72 29 3a 0d 0a]
configuracoes.py:605 [20 20 20 20 20 20 20 20 20 20 20 20 63 61 72 64 2e 62 6f 64 79 2c 20 22 f0 9f 92 bb 22 2c 20 22 45 73 74 65 20 44 69 73 70 6f 73 69 74 69 76 6f 22 2c 0d 0a]